adjust phase of the first BPM R:HP606 the same as the design value    (MAD output)

                 Horz         Vert         Sync.                           
 Tune           ( .45536 )   ( .401718)   ( 0      ) 2p                    
 Emittance      ( .114   )   ( .1555  )   ( 0      ) p-mm-mr               
 Decay time     ( 0      )   ( 0      )   ( 0      ) turns                 
 Coupling coef. (        )   (        )                                    
                                                                           
*Plot: [Position ] on [GxPB 2]                                             
 Plane: [Horizontal]                                                       
 Turns from -<  700>+ for (   39) turns                                    
 From -<R:HP606   >+ for ( 8) BPMs                                         
                                                                           
*Fit TBT phase: from -<  700>+ for (   30) turns                           
 Reference at turn# (  700) with phase ( .0325  )                          
    Average RMS deviation:  .06962 +  .02897                               
                                                                           
BPM           Phase    Ampl.   RMSdev     Beta  bml_psi *Calib Old_Cal     
R:HP222     0.34720  2.45826    0.055   53.009  0.37970                         
R:HP224    -0.43861  1.78018    0.059   27.799 -0.40611                         
R:HP226    -0.14797  1.81793    0.048   28.990 -0.11547                         
R:HP228     0.07757  1.87574    0.062   30.863  0.11007                         
R:HP230     0.29605  2.01360    0.041   35.567  0.32855                         
R:HP232    -0.40129  1.91544    0.081   32.183 -0.36879                         
R:HP302    -0.17972  2.37422    0.048   49.447 -0.14722                         
R:HP304     0.11112  2.23866    0.072   43.961  0.14362                         
R:HP306     0.34563  2.56700    0.049   57.803  0.37813                         
R:HP308    -0.36804  2.20315    0.057   42.578 -0.33554                         
R:HP310    -0.16762  1.95361    0.093   33.479 -0.13512                         
R:HP312     0.13740  1.74117    0.051   26.594  0.16990                         
R:HP314     0.34151  2.07346    0.060   37.713  0.37401                         
R:HP316    -0.42477  1.84117    0.069   29.736 -0.39227                         
R:HP318    -0.14029  1.71544    0.069   25.813 -0.10779                         
R:HP320     0.09898  2.23617    0.056   43.864  0.13148                         
R:HP322     0.31886  2.37240    0.047   49.371  0.35136                         
R:HP324    -0.43644  1.55028    0.064   21.082 -0.40394                         
R:HP326    -0.19378  2.07813    0.085   37.883 -0.16128                         
R:HP328     0.08283  2.36666    0.053   49.132  0.11533                         
R:HP330     0.29029  2.16541    0.054   41.132  0.32279                         
R:HP332    -0.46814  1.23230    0.305   13.321 -0.43564                         
R:HP334    -0.22112  2.13858    0.077   40.119 -0.18862                         
R:HP336     0.02254  1.99986    0.049   35.083  0.05504                         
R:HP338     0.26623  2.11235    0.085   39.141  0.29873                         
R:HP340    -0.49768  1.51490    0.059   20.131 -0.46518                         
R:HP400    -0.23711  2.12450    0.072   39.592 -0.20461                         
R:HP402    -0.00141  2.44981    0.070   52.645  0.03109                         
R:HP404     0.24277  2.41343    0.069   51.093  0.27527                         
R:HP406     0.46178  1.54084    0.068   20.826  0.49428                         
R:HP408    -0.27140  2.02727    0.064   36.051 -0.23890                         
R:HP410    -0.04599  2.00264    0.071   35.180 -0.01349                         
R:HP412     0.21128  2.07847    0.059   37.895  0.24378                         
R:HP414     0.44105  2.00159    0.052   35.144  0.47355                         
R:HP416    -0.30120  2.05672    0.064   37.106 -0.26870                         
R:HP418    -0.07305  2.02523    0.042   35.978 -0.04055                         
R:HP420     0.18200  2.00951    0.061   35.422  0.21450                         
R:HP422     0.40843  2.07776    0.058   37.869  0.44093                         
R:HP424    -0.33122  2.00707    0.061   35.336 -0.29872                         
R:HP426    -0.10493  2.08062    0.046   37.974 -0.07243                         
R:HP428     0.15796  2.02711    0.056   36.045  0.19046                         
R:HP430     0.37896  2.11595    0.041   39.274  0.41146                         
R:HP502    -0.35931  1.94997    0.050   33.354 -0.32681                         
R:HP504    -0.14964  2.20996    0.054   42.841 -0.11714                         
R:HP506     0.12209  1.87139    0.059   30.720  0.15459                         
R:HP508     0.33721  2.24753    0.050   44.311  0.36971                         
R:HP510    -0.39406  1.83137    0.080   29.420 -0.36156                         
R:HP512    -0.17348  2.29042    0.049   46.018 -0.14098                         
R:HP514     0.08764  1.78043    0.089   27.806  0.12014                         
R:HP516     0.31466  2.26824    0.091   45.131  0.34716                         
R:HP518    -0.43719  1.45394    0.051   18.543 -0.40469                         
R:HP520    -0.18775  2.18462    0.059   41.865 -0.15525                         
R:HP522     0.06248  2.48265    0.075   54.066  0.09498                         
R:HP524     0.27052  2.11540    0.067   39.254  0.30302                         
R:HP526    -0.42995  1.55498    0.053   21.210 -0.39745                         
R:HP528     0.23678  2.38262    0.070   49.797  0.26928                         
R:HP530     0.46145  1.72219    0.098   26.017  0.49395                         
R:HP532    -0.25147  2.25832    0.058   44.737 -0.21897                         
R:HP602    -0.42709  1.87944    0.071   30.985 -0.39459                         
R:HP604    -0.17799  2.22028    0.063   43.243 -0.14549                         
R:HP606     0.08366  1.86584    0.063   30.538  0.11616                         
R:HP608     0.34780  2.21411    0.097   43.002  0.38030                         
R:HP610    -0.40410  1.68528    0.106   24.914 -0.37160                         
R:HP612    -0.13686  2.02661    0.077   36.028 -0.10436                         
R:HP614     0.14355  2.42263    0.122   51.483  0.17605                         
R:HP616     0.31876  2.09830    0.063   38.621  0.35126                         
R:HP618    -0.36202  1.68289    0.118   24.843 -0.32952                         
R:HP620    -0.16534  2.49885    0.075   54.774 -0.13284                         
R:HP622     0.09162  2.07064    0.062   37.610  0.12412                         
R:HP624     0.30669  1.77638    0.050   27.680  0.33919                         
R:HP626    -0.42624  1.81512    0.074   28.900 -0.39374                         
R:HP628    -0.20057  2.23568    0.076   43.844 -0.16807                         
R:HP630     0.05193  1.86034    0.107   30.358  0.08443                         
R:HP632     0.28467  2.24797    0.097   44.328  0.31717                         
R:HP634     0.07299  1.80987    0.082   28.734  0.10549                         
R:HP636     0.31843  2.27611    0.051   45.445  0.35093                         
R:HP638    -0.44624  1.79451    0.080   28.248 -0.41374                         
R:HP640    -0.19550  1.77099    0.051   27.512 -0.16300                         
R:HP100     0.05100  1.80696    0.081   28.641  0.08350                         
R:HP102     0.31400  3.01145    0.104   79.551  0.34650                         
R:HP104    -0.46701  2.20804    0.051   42.767 -0.43451                         
R:HP106    -0.22400  1.71767    0.062   25.880 -0.19150                         
R:HP108     0.00773  1.85987    0.046   30.343  0.04023                         
R:HP110     0.26750  2.20909    0.047   42.808  0.30000                         
R:HP112     0.48549  1.92580    0.067   32.533 -0.48201                         
R:HP114    -0.25554  2.15181    0.065   40.616 -0.22304                         
R:HP116    -0.03461  1.93095    0.052   32.707 -0.00211                         
R:HP118     0.22865  2.14011    0.055   40.176  0.26115                         
R:HP120     0.45263  1.92935    0.060   32.653  0.48513                         
R:HP122    -0.28211  2.13739    0.078   40.074 -0.24961                         
R:HP124    -0.06428  2.00571    0.062   35.288 -0.03178                         
R:HP126     0.20646  2.11919    0.056   39.395  0.23896                         
R:HP128     0.42197  1.99631    0.053   34.958  0.45447                         
R:HP130    -0.30561  2.06480    0.088   37.398 -0.27311                         
R:HP202    -0.09104  2.00857    0.062   35.389 -0.05854                         
R:HP204     0.17917  2.00761    0.057   35.355  0.21167                         
R:HP206     0.39394  2.10386    0.081   38.827  0.42644                         
R:HP208    -0.33945  1.93872    0.100   32.970 -0.30695                         
R:HP210    -0.12021  2.09799    0.087   38.610 -0.08771                         
R:HP212     0.14626  2.09849    0.076   38.629  0.17876                         
R:HP214     0.36538  2.12542    0.093   39.626  0.39788                         
R:HP216    -0.37390  1.92618    0.094   32.545 -0.34140                         
R:HP218    -0.15129  1.69829    0.070   25.300 -0.11879                         
R:HP220     0.12107  1.86614    0.052   30.548  0.15357                         
