adjust the phase of the first vertical BPM R:VP605 to be the same as  designed value

                 Horz         Vert         Sync.                           
 Tune           ( .45536 )   ( .401718)   ( 0      ) 2p                    
 Emittance      ( .114   )   ( .1555  )   ( 0      ) p-mm-mr               
 Decay time     ( 0      )   ( 0      )   ( 0      ) turns                 
 Coupling coef. (        )   (        )                                    
                                                                           
*Plot: [Position ] on [GxPB 2]                                             
 Plane: [Vertical  ]                                                       
 Turns from -<  700>+ for (   39) turns                                    
 From -<R:VP607   >+ for ( 8) BPMs                                         
                                                                           
*Fit TBT phase: from -<  700>+ for (   30) turns                           
 Reference at turn# (  700) with phase (-.23231 )                          
    Average RMS deviation:  .12816 +  .06598                               
                                                                           
BPM           Phase    Ampl.   RMSdev     Beta  bml_psi *Calib Old_Cal     
R:VP223     0.34832  0.21607    0.123    0.300  0.11601                         
R:VP225    -0.39069  0.11257    0.076    0.081  0.37700                         
R:VP227    -0.15503  0.23457    0.125    0.354 -0.38734                         
R:VP229     0.04902  0.17422    0.052    0.195 -0.18329                         
R:VP231     0.33911  0.16646    0.088    0.178  0.10680                         
R:VP301    -0.46063  0.22351    0.060    0.321  0.30706                         
R:VP303    -0.20431  0.23021    0.152    0.341 -0.43662                         
R:VP305     0.01273  0.24981    0.026    0.401 -0.21958                         
R:VP307     0.27895  0.29394    0.237    0.556  0.04664                         
R:VP309    -0.48855  0.19403    0.029    0.242  0.27914                         
R:VP311    -0.20693  0.14201    0.090    0.130 -0.43924                         
R:VP313    -0.00441  0.20247    0.039    0.264 -0.23672                         
R:VP315     0.23890  0.20326    0.118    0.266  0.00659                         
R:VP317     0.46637  0.17046    0.106    0.187  0.23406                         
R:VP319    -0.26424  0.23864    0.126    0.366 -0.49655                         
R:VP321    -0.06382  0.23362    0.042    0.351 -0.29613                         
R:VP323     0.16290  0.16528    0.084    0.176 -0.06941                         
R:VP325     0.46398  0.18580    0.037    0.222  0.23167                         
R:VP327    -0.35176  0.23888    0.129    0.367  0.41593                         
R:VP329    -0.10035  0.20623    0.118    0.274 -0.33266                         
R:VP331     0.10445  0.18508    0.101    0.220 -0.12786                         
R:VP333     0.45938  0.14616    0.273    0.137  0.22707                         
R:VP335    -0.43486  0.21218    0.080    0.290  0.33283                         
R:VP337    -0.09395  0.13785    0.153    0.122 -0.32626                         
R:VP339    -0.02257  0.16889    0.072    0.183 -0.25488                         
R:VP341     0.30580  0.19280    0.152    0.239  0.07349                         
R:VP401     0.49512  0.21731    0.046    0.304  0.26281                         
R:VP403    -0.28256  0.22752    0.133    0.333  0.48513                         
R:VP405    -0.11693  0.15139    0.057    0.147 -0.34924                         
R:VP407     0.25023  0.18655    0.176    0.224  0.01792                         
R:VP409     0.41376  0.18592    0.084    0.222  0.18145                         
R:VP411    -0.29988  0.18430    0.216    0.218  0.46781                         
R:VP413    -0.14073  0.21482    0.033    0.297 -0.37304                         
R:VP415     0.12855  0.17035    0.257    0.187 -0.10376                         
R:VP417     0.32049  0.22169    0.100    0.316  0.08818                         
R:VP419    -0.43456  0.17017    0.228    0.186  0.33313                         
R:VP421    -0.21747  0.22552    0.150    0.327 -0.44978                         
R:VP423    -0.00299  0.16521    0.160    0.176 -0.23530                         
R:VP425     0.23382  0.20297    0.210    0.265  0.00151                         
R:VP427     0.40361  0.16232    0.100    0.169  0.17130                         
R:VP429    -0.31786  0.22137    0.237    0.315  0.44983                         
R:VP501    -0.13232  0.20677    0.037    0.275 -0.36463                         
R:VP503     0.13439  0.16666    0.229    0.179 -0.09792                         
R:VP505     0.33047  0.21985    0.103    0.311  0.09816                         
R:VP507    -0.42119  0.15797    0.196    0.160  0.34650                         
R:VP509    -0.20659  0.20420    0.184    0.268 -0.43890                         
R:VP511    -0.00866  0.16194    0.149    0.169 -0.24097                         
R:VP513     0.23017  0.21031    0.237    0.284 -0.00214                         
R:VP515     0.42662  0.17728    0.110    0.202  0.19431                         
R:VP517    -0.32398  0.15771    0.208    0.160  0.44371                         
R:VP519    -0.06510  0.14187    0.122    0.129 -0.29741                         
R:VP521     0.18717  0.21822    0.287    0.306 -0.04514                         
R:VP523     0.36328  0.22529    0.058    0.326  0.13097                         
R:VP525    -0.33211  0.13970    0.191    0.126  0.43558                         
R:VP527     0.25661  0.17390    0.049    0.194  0.02430                         
R:VP529    -0.48118  0.18473    0.253    0.219  0.28651                         
R:VP531    -0.17683  0.15991    0.081    0.164 -0.40914                         
R:VP601    -0.25075  0.21370    0.222    0.294 -0.48306                         
R:VP603    -0.01193  0.16452    0.117    0.174 -0.24424                         
R:VP605     0.24467  0.22276    0.216    0.319  0.01236                         
R:VP607     0.49604  0.16319    0.170    0.171  0.26373                         
R:VP609    -0.22836  0.21070    0.168    0.286 -0.46067                         
R:VP611     0.04270  0.13786    0.174    0.122 -0.18961                         
R:VP613     0.31877  0.18258    0.063    0.214  0.08646                         
R:VP615    -0.37180  0.17715    0.208    0.202  0.39589                         
R:VP617    -0.11115  0.14728    0.042    0.140 -0.34346                         
R:VP619     0.13578  0.21459    0.255    0.296 -0.09653                         
R:VP621     0.30411  0.23367    0.122    0.351  0.07180                         
R:VP623    -0.47587  0.14731    0.158    0.140  0.29182                         
R:VP625    -0.16193  0.18738    0.060    0.226 -0.39424                         
R:VP627     0.05972  0.16702    0.222    0.179 -0.17259                         
R:VP629     0.26283  0.21374    0.158    0.294  0.03052                         
R:VP631     0.48200  0.15820    0.160    0.161  0.24969                         
R:VP633     0.32793  0.22923    0.181    0.338  0.09562                         
R:VP635    -0.48340  0.17052    0.084    0.187  0.28429                         
R:VP637    -0.21260  0.18251    0.184    0.214 -0.44491                         
R:VP639    -0.05099  0.17133    0.041    0.189 -0.28330                         
R:VP641     0.30502  0.16855    0.159    0.183  0.07271                         
R:VP101     0.44669  0.23050    0.050    0.342  0.21438                         
R:VP103    -0.29026  0.18400    0.207    0.218  0.47743                         
R:VP105    -0.10050  0.18037    0.085    0.209 -0.33281                         
R:VP107     0.24752  0.18643    0.194    0.224  0.01521                         
R:VP109     0.40888  0.20788    0.064    0.278  0.17657                         
R:VP111    -0.36784  0.16548    0.178    0.176  0.39985                         
R:VP113    -0.12711  0.22288    0.110    0.319 -0.35942                         
R:VP115     0.08333  0.15838    0.114    0.161 -0.14898                         
R:VP117     0.32664  0.21321    0.147    0.292  0.09433                         
R:VP119     0.49169  0.20242    0.077    0.263  0.25938                         
R:VP121    -0.22517  0.20081    0.167    0.259 -0.45748                         
R:VP123    -0.05023  0.20900    0.044    0.281 -0.28254                         
R:VP125     0.19240  0.16503    0.176    0.175 -0.03991                         
R:VP127     0.40951  0.23689    0.058    0.361  0.17720                         
R:VP129    -0.37320  0.15211    0.157    0.149  0.39449                         
R:VP201    -0.13979  0.21122    0.107    0.287 -0.37210                         
R:VP203     0.05407  0.18057    0.109    0.210 -0.17824                         
R:VP205     0.32281  0.21411    0.142    0.295  0.09050                         
R:VP207     0.49737  0.19411    0.040    0.242  0.26506                         
R:VP209    -0.24249  0.17291    0.127    0.192 -0.47480                         
R:VP211    -0.03848  0.20639    0.044    0.274 -0.27079                         
R:VP213     0.19288  0.19166    0.094    0.236 -0.03943                         
R:VP215     0.42348  0.23355    0.100    0.351  0.19117                         
R:VP217    -0.40514  0.14037    0.046    0.127  0.36255                         
R:VP219    -0.07899  0.19871    0.066    0.254 -0.31130                         
R:VP221     0.11840  0.18182    0.093    0.213 -0.11391                         
