                 Horz         Vert         Sync.                           
 Tune           ( .4551  )   ( .403786)   ( 0      ) 2p                    
 Emittance      ( .114   )   ( .1555  )   ( 0      ) p-mm-mr               
 Decay time     ( 0      )   ( 0      )   ( 0      ) turns                 
 Coupling coef. (        )   (        )                                    
                                                                           
*Plot: [Position ] on [GxPB 2]                                             
 Plane: [Vertical  ]                                                       
 Turns from -<  700>+ for (   39) turns                                    
 From -<R:VP605   >+ for ( 8) BPMs                                         
                                                                           
*Fit TBT phase: from -<  700>+ for (   30) turns                           
 Reference at turn# (  700) with phase ( .43376 )                          
    Average RMS deviation:  .04882 +  .03373                               
                                                                           
BPM           Phase    Ampl.   RMSdev     Beta  bml_psi *Calib Old_Cal     
R:VP223     0.08397  1.82982    0.046   21.532 -0.48227                         
R:VP225     0.36786  1.17871    0.033    8.935 -0.19838                         
R:VP227    -0.41213  1.97036    0.052   24.967  0.02163                         
R:VP229    -0.18280  1.65152    0.033   17.540  0.25096                         
R:VP231     0.07300  1.40366    0.036   12.671 -0.49324                         
R:VP301     0.31069  1.90255    0.038   23.278 -0.25555                         
R:VP303    -0.47352  2.14096    0.056   29.477 -0.03976                         
R:VP305    -0.22514  2.05450    0.041   27.145  0.20862                         
R:VP307     0.02025  2.35213    0.175   35.579  0.45401                         
R:VP309     0.26902  1.69133    0.044   18.396 -0.29722                         
R:VP311    -0.48088  1.34164    0.035   11.576 -0.04712                         
R:VP313    -0.22939  1.69331    0.040   18.439  0.20437                         
R:VP315    -0.01830  1.89635    0.039   23.126  0.41546                         
R:VP317     0.25428  1.08157    0.028    7.523 -0.31196                         
R:VP319     0.47854  2.27422    0.031   33.261 -0.08770                         
R:VP321    -0.30767  1.85375    0.041   22.099  0.12609                         
R:VP323    -0.08472  1.62985    0.036   17.083  0.34904                         
R:VP325     0.22317  1.55942    0.031   15.639 -0.34307                         
R:VP327     0.41125  2.32104    0.052   34.644 -0.15499                         
R:VP329    -0.36607  1.69322    0.037   18.437  0.06769                         
R:VP331    -0.11974  1.80910    0.052   21.047  0.31402                         
R:VP333     0.07548  0.97085    0.323    6.061 -0.49076                         
R:VP335     0.32928  1.68847    0.049   18.334 -0.23696                         
R:VP337    -0.47788  1.08181    0.150    7.526 -0.04412                         
R:VP339    -0.26015  1.35798    0.038   11.859  0.17361                         
R:VP341     0.03691  1.86141    0.045   22.282  0.47067                         
R:VP401     0.24968  1.85495    0.033   22.128 -0.31656                         
R:VP403     0.45931  2.19608    0.047   31.015 -0.10693                         
R:VP405    -0.33776  1.37211    0.021   12.107  0.09600                         
R:VP407    -0.00992  1.75884    0.057   19.894  0.42384                         
R:VP409     0.18989  1.65570    0.035   17.629 -0.37635                         
R:VP411     0.42698  1.88766    0.047   22.915 -0.13926                         
R:VP413    -0.38321  1.78213    0.031   20.424  0.05055                         
R:VP415    -0.12720  2.04854    0.065   26.987  0.30656                         
R:VP417     0.06452  1.93855    0.039   24.167  0.49828                         
R:VP419     0.31990  1.88328    0.056   22.809 -0.24634                         
R:VP421    -0.48442  2.07360    0.040   27.652 -0.05066                         
R:VP423    -0.24156  1.66019    0.054   17.725  0.19220                         
R:VP425    -0.02668  2.06360    0.056   27.386  0.40708                         
R:VP427     0.18477  1.62653    0.045   17.014 -0.38147                         
R:VP429     0.42435  2.08508    0.056   27.959 -0.14189                         
R:VP501    -0.37855  1.74790    0.031   19.647  0.05521                         
R:VP503    -0.12503  1.86379    0.062   22.339  0.30873                         
R:VP505     0.06588  1.89372    0.047   23.062  0.49964                         
R:VP507     0.32181  1.60623    0.046   16.592 -0.24443                         
R:VP509    -0.47831  2.04631    0.045   26.929 -0.04455                         
R:VP511    -0.24618  1.59917    0.041   16.446  0.18758                         
R:VP513    -0.03011  2.06059    0.058   27.306  0.40365                         
R:VP515     0.18616  1.68391    0.037   18.235 -0.38008                         
R:VP517     0.40767  1.61070    0.057   16.684 -0.15857                         
R:VP519    -0.29241  1.39160    0.040   12.454  0.14135                         
R:VP521    -0.08550  2.22625    0.063   31.873  0.34826                         
R:VP523     0.10762  1.75627    0.042   19.836 -0.45862                         
R:VP525     0.40719  1.44492    0.040   13.426 -0.15905                         
R:VP527    -0.38759  1.58818    0.028   16.221  0.04617                         
R:VP529    -0.13040  1.87909    0.055   22.707  0.30336                         
R:VP531     0.18694  1.51651    0.025   14.790 -0.37930                         
R:VP601     0.46937  1.99411    0.077   25.572 -0.09687                         
R:VP603    -0.27025  1.72095    0.058   19.046  0.16351                         
R:VP605    -0.42076  2.07682    0.099   27.737  0.01300                         
R:VP607    -0.14958  1.68186    0.075   18.191  0.28418                         
R:VP609     0.10577  1.95526    0.048   24.586 -0.46047                         
R:VP611     0.41090  1.57355    0.046   15.923 -0.15534                         
R:VP613    -0.32242  1.69853    0.043   18.553  0.11134                         
R:VP615    -0.02726  1.73496    0.051   19.357  0.40650                         
R:VP617     0.20728  1.20947    0.029    9.407 -0.35896                         
R:VP619     0.46795  2.09597    0.062   28.251 -0.09829                         
R:VP621    -0.35075  2.15337    0.053   29.820  0.08301                         
R:VP623    -0.10639  1.46187    0.046   13.743  0.32737                         
R:VP625     0.17975  1.59771    0.023   16.416 -0.38649                         
R:VP627     0.41681  1.82859    0.059   21.503 -0.14943                         
R:VP629    -0.39574  1.94439    0.045   24.313  0.03802                         
R:VP631    -0.15393  1.70550    0.036   18.706  0.27983                         
R:VP633     0.05648  2.01004    0.049   25.982  0.49024                         
R:VP635     0.27548  1.59560    0.032   16.372 -0.29076                         
R:VP637    -0.48947  1.99283    0.052   25.539 -0.05571                         
R:VP639    -0.30728  1.51276    0.028   14.717  0.12648                         
R:VP641     0.02606  1.81277    0.045   21.133  0.45982                         
R:VP101     0.19959  1.97672    0.025   25.128 -0.36665                         
R:VP103     0.44652  2.04201    0.055   26.816 -0.11972                         
R:VP105    -0.36806  1.58297    0.037   16.115  0.06570                         
R:VP107    -0.02584  1.86050    0.044   22.260  0.40792                         
R:VP109     0.15041  1.71498    0.035   18.914 -0.41583                         
R:VP111     0.39785  1.83765    0.049   21.717 -0.16839                         
R:VP113    -0.39773  1.83329    0.043   21.614  0.03603                         
R:VP115    -0.16431  1.75007    0.046   19.696  0.26945                         
R:VP117     0.04895  1.93517    0.041   24.083  0.48271                         
R:VP119     0.26784  1.78757    0.038   20.549 -0.29840                         
R:VP121    -0.49766  2.07086    0.049   27.579 -0.06390                         
R:VP123    -0.29406  1.80592    0.034   20.973  0.13970                         
R:VP125    -0.05236  1.87499    0.042   22.608  0.38140                         
R:VP127     0.14940  1.93667    0.037   24.120 -0.41684                         
R:VP129     0.39123  1.73893    0.033   19.446 -0.17501                         
R:VP201    -0.40723  1.90741    0.050   23.397  0.02653                         
R:VP203    -0.17007  1.76206    0.039   19.967  0.26369                         
R:VP205     0.04679  1.96446    0.042   24.817  0.48055                         
R:VP207     0.26748  1.66452    0.030   17.817 -0.29876                         
R:VP209     0.49559  1.75861    0.046   19.889 -0.07065                         
R:VP211    -0.29691  1.73738    0.043   19.411  0.13685                         
R:VP213    -0.05801  1.71596    0.036   18.936  0.37575                         
R:VP215     0.15371  1.88674    0.039   22.892 -0.41253                         
R:VP217     0.36692  1.39921    0.035   12.590 -0.19932                         
R:VP219    -0.33081  1.68751    0.035   18.313  0.10295                         
R:VP221    -0.12078  1.89327    0.039   23.051  0.31298                         
