#     Ix      Iy          X              Y               Z
 
     -25     -10      -3.50987227E-02  -2.12821053E-02   2.66263866E-08
     -25      -9      -3.50987227E-02  -1.91538948E-02   1.21422273E-05
     -25      -8      -3.50987227E-02  -1.70256842E-02   4.84936425E-05
     -25      -7      -3.50987227E-02  -1.48974737E-02   1.09094709E-04
     -25      -6      -3.50987227E-02  -1.27692632E-02   1.93968487E-04
     -25      -5      -3.50987227E-02  -1.06410526E-02   3.03147264E-04
     -25      -4      -3.50987227E-02  -8.51284211E-03   4.36672549E-04
     -25      -3      -3.50987227E-02  -6.38463158E-03   5.94595078E-04
     -25      -2      -3.50987227E-02  -4.25642106E-03   7.76974810E-04
     -25      -1      -3.50987227E-02  -2.12821053E-03   9.83880929E-04
     -25       0      -3.50987227E-02   0.00000000E+00   1.21539184E-03
     -25       1      -3.50987227E-02   2.12821053E-03   1.21539184E-03
     -25       2      -3.50987227E-02   4.25642106E-03   9.83880929E-04
     -25       3      -3.50987227E-02   6.38463158E-03   7.76974810E-04
     -25       4      -3.50987227E-02   8.51284211E-03   5.94595078E-04
     -25       5      -3.50987227E-02   1.06410526E-02   4.36672549E-04
     -25       6      -3.50987227E-02   1.27692632E-02   3.03147264E-04
     -25       7      -3.50987227E-02   1.48974737E-02   1.93968487E-04
     -25       8      -3.50987227E-02   1.70256842E-02   1.09094709E-04
     -25       9      -3.50987227E-02   1.91538948E-02   4.84936425E-05
     -25      10      -3.50987227E-02   2.12821053E-02   4.88914429E-05
 
     -24     -10      -3.36947738E-02  -2.12821053E-02   3.65666610E-07
     -24      -9      -3.36947738E-02  -1.91538948E-02   1.24959530E-05
     -24      -8      -3.36947738E-02  -1.70256842E-02   4.88914429E-05
     -24      -7      -3.36947738E-02  -1.48974737E-02   1.09566028E-04
     -24      -6      -3.36947738E-02  -1.27692632E-02   1.94542862E-04
     -24      -5      -3.36947738E-02  -1.06410526E-02   3.03854360E-04
     -24      -4      -3.36947738E-02  -8.51284211E-03   4.37542196E-04
     -24      -3      -3.36947738E-02  -6.38463158E-03   5.95657309E-04
     -24      -2      -3.36947738E-02  -4.25642106E-03   7.78259897E-04
     -24      -1      -3.36947738E-02  -2.12821053E-03   9.85419419E-04
     -24       0      -3.36947738E-02   0.00000000E+00   1.21721460E-03
     -24       1      -3.36947738E-02   2.12821053E-03   1.21721460E-03
     -24       2      -3.36947738E-02   4.25642106E-03   9.85419419E-04
     -24       3      -3.36947738E-02   6.38463158E-03   7.78259897E-04
     -24       4      -3.36947738E-02   8.51284211E-03   5.95657309E-04
     -24       5      -3.36947738E-02   1.06410526E-02   4.37542196E-04
     -24       6      -3.36947738E-02   1.27692632E-02   3.03854360E-04
     -24       7      -3.36947738E-02   1.48974737E-02   1.94542862E-04
     -24       8      -3.36947738E-02   1.70256842E-02   1.09566028E-04
     -24       9      -3.36947738E-02   1.91538948E-02   4.88914429E-05
     -24      10      -3.36947738E-02   2.12821053E-02   5.04647329E-05
 
     -23     -10      -3.22908249E-02  -2.12821053E-02   1.88011923E-06
     -23      -9      -3.22908249E-02  -1.91538948E-02   1.40251104E-05
     -23      -8      -3.22908249E-02  -1.70256842E-02   5.04647329E-05
     -23      -7      -3.22908249E-02  -1.48974737E-02   1.11212934E-04
     -23      -6      -3.22908249E-02  -1.27692632E-02   1.96292960E-04
     -23      -5      -3.22908249E-02  -1.06410526E-02   3.05737353E-04
     -23      -4      -3.22908249E-02  -8.51284211E-03   4.39587957E-04
     -23      -3      -3.22908249E-02  -6.38463158E-03   5.97895912E-04
     -23      -2      -3.22908249E-02  -4.25642106E-03   7.80721655E-04
     -23      -1      -3.22908249E-02  -2.12821053E-03   9.88134924E-04
     -23       0      -3.22908249E-02   0.00000000E+00   1.22021475E-03
     -23       1      -3.22908249E-02   2.12821053E-03   1.22021475E-03
     -23       2      -3.22908249E-02   4.25642106E-03   9.88134924E-04
     -23       3      -3.22908249E-02   6.38463158E-03   7.80721655E-04
     -23       4      -3.22908249E-02   8.51284211E-03   5.97895912E-04
     -23       5      -3.22908249E-02   1.06410526E-02   4.39587957E-04
     -23       6      -3.22908249E-02   1.27692632E-02   3.05737353E-04
     -23       7      -3.22908249E-02   1.48974737E-02   1.96292960E-04
     -23       8      -3.22908249E-02   1.70256842E-02   1.11212934E-04
     -23       9      -3.22908249E-02   1.91538948E-02   5.04647329E-05
     -23      10      -3.22908249E-02   2.12821053E-02   5.32183646E-05
 
     -22     -10      -3.08868760E-02  -2.12821053E-02   4.57483704E-06
     -22      -9      -3.08868760E-02  -1.91538948E-02   1.67345520E-05
     -22      -8      -3.08868760E-02  -1.70256842E-02   5.32183646E-05
     -22      -7      -3.08868760E-02  -1.48974737E-02   1.14040278E-04
     -22      -6      -3.08868760E-02  -1.27692632E-02   1.99223630E-04
     -22      -5      -3.08868760E-02  -1.06410526E-02   3.08801094E-04
     -22      -4      -3.08868760E-02  -8.51284211E-03   4.42814680E-04
     -22      -3      -3.08868760E-02  -6.38463158E-03   6.01315732E-04
     -22      -2      -3.08868760E-02  -4.25642106E-03   7.84364929E-04
     -22      -1      -3.08868760E-02  -2.12821053E-03   9.92032287E-04
     -22       0      -3.08868760E-02   0.00000000E+00   1.22439716E-03
     -22       1      -3.08868760E-02   2.12821053E-03   1.22439716E-03
     -22       2      -3.08868760E-02   4.25642106E-03   9.92032287E-04
     -22       3      -3.08868760E-02   6.38463158E-03   7.84364929E-04
     -22       4      -3.08868760E-02   8.51284211E-03   6.01315732E-04
     -22       5      -3.08868760E-02   1.06410526E-02   4.42814680E-04
     -22       6      -3.08868760E-02   1.27692632E-02   3.08801094E-04
     -22       7      -3.08868760E-02   1.48974737E-02   1.99223630E-04
     -22       8      -3.08868760E-02   1.70256842E-02   1.14040278E-04
     -22       9      -3.08868760E-02   1.91538948E-02   5.32183646E-05
     -22      10      -3.08868760E-02   2.12821053E-02   5.71572260E-05
 
     -21     -10      -2.94829271E-02  -2.12821053E-02   8.45470869E-06
     -21      -9      -2.94829271E-02  -1.91538948E-02   2.06291664E-05
     -21      -8      -2.94829271E-02  -1.70256842E-02   5.71572260E-05
     -21      -7      -2.94829271E-02  -1.48974737E-02   1.18052946E-04
     -21      -6      -2.94829271E-02  -1.27692632E-02   2.03339759E-04
     -21      -5      -2.94829271E-02  -1.06410526E-02   3.13050467E-04
     -21      -4      -2.94829271E-02  -8.51284211E-03   4.47227249E-04
     -21      -3      -2.94829271E-02  -6.38463158E-03   6.05921652E-04
     -21      -2      -2.94829271E-02  -4.25642106E-03   7.89194599E-04
     -21      -1      -2.94829271E-02  -2.12821053E-03   9.97116385E-04
     -21       0      -2.94829271E-02   0.00000000E+00   1.22976668E-03
     -21       1      -2.94829271E-02   2.12821053E-03   1.22976668E-03
     -21       2      -2.94829271E-02   4.25642106E-03   9.97116385E-04
     -21       3      -2.94829271E-02   6.38463158E-03   7.89194599E-04
     -21       4      -2.94829271E-02   8.51284211E-03   6.05921652E-04
     -21       5      -2.94829271E-02   1.06410526E-02   4.47227249E-04
     -21       6      -2.94829271E-02   1.27692632E-02   3.13050467E-04
     -21       7      -2.94829271E-02   1.48974737E-02   2.03339759E-04
     -21       8      -2.94829271E-02   1.70256842E-02   1.18052946E-04
     -21       9      -2.94829271E-02   1.91538948E-02   5.71572260E-05
     -21      10      -2.94829271E-02   2.12821053E-02   6.22862415E-05
 
     -20     -10      -2.80789781E-02  -2.12821053E-02   1.35246590E-05
     -20      -9      -2.80789781E-02  -1.91538948E-02   2.57138784E-05
     -20      -8      -2.80789781E-02  -1.70256842E-02   6.22862415E-05
     -20      -7      -2.80789781E-02  -1.48974737E-02   1.23255863E-04
     -20      -6      -2.80789781E-02  -1.27692632E-02   2.08646269E-04
     -20      -5      -2.80789781E-02  -1.06410526E-02   3.18490394E-04
     -20      -4      -2.80789781E-02  -8.51284211E-03   4.52830582E-04
     -20      -3      -2.80789781E-02  -6.38463158E-03   6.11718589E-04
     -20      -2      -2.80789781E-02  -4.25642106E-03   7.95215581E-04
     -20      -1      -2.80789781E-02  -2.12821053E-03   1.00339213E-03
     -20       0      -2.80789781E-02   0.00000000E+00   1.23632822E-03
     -20       1      -2.80789781E-02   2.12821053E-03   1.23632822E-03
     -20       2      -2.80789781E-02   4.25642106E-03   1.00339213E-03
     -20       3      -2.80789781E-02   6.38463158E-03   7.95215581E-04
     -20       4      -2.80789781E-02   8.51284211E-03   6.11718589E-04
     -20       5      -2.80789781E-02   1.06410526E-02   4.52830582E-04
     -20       6      -2.80789781E-02   1.27692632E-02   3.18490394E-04
     -20       7      -2.80789781E-02   1.48974737E-02   2.08646269E-04
     -20       8      -2.80789781E-02   1.70256842E-02   1.23255863E-04
     -20       9      -2.80789781E-02   1.91538948E-02   6.22862415E-05
     -20      10      -2.80789781E-02   2.12821053E-02   6.86103719E-05
 
     -19     -10      -2.66750292E-02  -2.12821053E-02   1.97896493E-05
     -19      -9      -2.66750292E-02  -1.91538948E-02   3.19936490E-05
     -19      -8      -2.66750292E-02  -1.70256842E-02   6.86103719E-05
     -19      -7      -2.66750292E-02  -1.48974737E-02   1.29653989E-04
     -19      -6      -2.66750292E-02  -1.27692632E-02   2.15148121E-04
     -19      -5      -2.66750292E-02  -1.06410526E-02   3.25125832E-04
     -19      -4      -2.66750292E-02  -8.51284211E-03   4.59629637E-04
     -19      -3      -2.66750292E-02  -6.38463158E-03   6.18711499E-04
     -19      -2      -2.66750292E-02  -4.25642106E-03   8.02432826E-04
     -19      -1      -2.66750292E-02  -2.12821053E-03   1.01086448E-03
     -19       0      -2.66750292E-02   0.00000000E+00   1.24408675E-03
     -19       1      -2.66750292E-02   2.12821053E-03   1.24408675E-03
     -19       2      -2.66750292E-02   4.25642106E-03   1.01086448E-03
     -19       3      -2.66750292E-02   6.38463158E-03   8.02432826E-04
     -19       4      -2.66750292E-02   8.51284211E-03   6.18711499E-04
     -19       5      -2.66750292E-02   1.06410526E-02   4.59629637E-04
     -19       6      -2.66750292E-02   1.27692632E-02   3.25125832E-04
     -19       7      -2.66750292E-02   1.48974737E-02   2.15148121E-04
     -19       8      -2.66750292E-02   1.70256842E-02   1.29653989E-04
     -19       9      -2.66750292E-02   1.91538948E-02   6.86103719E-05
     -19      10      -2.66750292E-02   2.12821053E-02   7.61346149E-05
 
     -18     -10      -2.52710803E-02  -2.12821053E-02   2.72546780E-05
     -18      -9      -2.52710803E-02  -1.91538948E-02   3.94734766E-05
     -18      -8      -2.52710803E-02  -1.70256842E-02   7.61346149E-05
     -18      -7      -2.52710803E-02  -1.48974737E-02   1.37252321E-04
     -18      -6      -2.52710803E-02  -1.27692632E-02   2.22850309E-04
     -18      -5      -2.52710803E-02  -1.06410526E-02   3.32961776E-04
     -18      -4      -2.52710803E-02  -8.51284211E-03   4.67629407E-04
     -18      -3      -2.52710803E-02  -6.38463158E-03   6.26905372E-04
     -18      -2      -2.52710803E-02  -4.25642106E-03   8.10851325E-04
     -18      -1      -2.52710803E-02  -2.12821053E-03   1.01953841E-03
     -18       0      -2.52710803E-02   0.00000000E+00   1.25304724E-03
     -18       1      -2.52710803E-02   2.12821053E-03   1.25304724E-03
     -18       2      -2.52710803E-02   4.25642106E-03   1.01953841E-03
     -18       3      -2.52710803E-02   6.38463158E-03   8.10851325E-04
     -18       4      -2.52710803E-02   8.51284211E-03   6.26905372E-04
     -18       5      -2.52710803E-02   1.06410526E-02   4.67629407E-04
     -18       6      -2.52710803E-02   1.27692632E-02   3.32961776E-04
     -18       7      -2.52710803E-02   1.48974737E-02   2.22850309E-04
     -18       8      -2.52710803E-02   1.70256842E-02   1.37252321E-04
     -18       9      -2.52710803E-02   1.91538948E-02   7.61346149E-05
     -18      10      -2.52710803E-02   2.12821053E-02   8.48640056E-05
 
     -17     -10      -2.38671314E-02  -2.12821053E-02   3.59247806E-05
     -17      -9      -2.38671314E-02  -1.91538948E-02   4.81583965E-05
     -17      -8      -2.38671314E-02  -1.70256842E-02   8.48640056E-05
     -17      -7      -2.38671314E-02  -1.48974737E-02   1.46055893E-04
     -17      -6      -2.38671314E-02  -1.27692632E-02   2.31757867E-04
     -17      -5      -2.38671314E-02  -1.06410526E-02   3.42003258E-04
     -17      -4      -2.38671314E-02  -8.51284211E-03   4.76834922E-04
     -17      -3      -2.38671314E-02  -6.38463158E-03   6.36305237E-04
     -17      -2      -2.38671314E-02  -4.25642106E-03   8.20476103E-04
     -17      -1      -2.38671314E-02  -2.12821053E-03   1.02941895E-03
     -17       0      -2.38671314E-02   0.00000000E+00   1.26321471E-03
     -17       1      -2.38671314E-02   2.12821053E-03   1.26321471E-03
     -17       2      -2.38671314E-02   4.25642106E-03   1.02941895E-03
     -17       3      -2.38671314E-02   6.38463158E-03   8.20476103E-04
     -17       4      -2.38671314E-02   8.51284211E-03   6.36305237E-04
     -17       5      -2.38671314E-02   1.06410526E-02   4.76834922E-04
     -17       6      -2.38671314E-02   1.27692632E-02   3.42003258E-04
     -17       7      -2.38671314E-02   1.48974737E-02   2.31757867E-04
     -17       8      -2.38671314E-02   1.70256842E-02   1.46055893E-04
     -17       9      -2.38671314E-02   1.91538948E-02   8.48640056E-05
     -17      10      -2.38671314E-02   2.12821053E-02   9.48036165E-05
 
     -16     -10      -2.24631825E-02  -2.12821053E-02   4.58050305E-05
     -16      -9      -2.24631825E-02  -1.91538948E-02   5.80534819E-05
     -16      -8      -2.24631825E-02  -1.70256842E-02   9.48036165E-05
     -16      -7      -2.24631825E-02  -1.48974737E-02   1.56069777E-04
     -16      -6      -2.24631825E-02  -1.27692632E-02   2.41875865E-04
     -16      -5      -2.24631825E-02  -1.06410526E-02   3.52255348E-04
     -16      -4      -2.24631825E-02  -8.51284211E-03   4.87251250E-04
     -16      -3      -2.24631825E-02  -6.38463158E-03   6.46916159E-04
     -16      -2      -2.24631825E-02  -4.25642106E-03   8.31312225E-04
     -16      -1      -2.24631825E-02  -2.12821053E-03   1.04051116E-03
     -16       0      -2.24631825E-02   0.00000000E+00   1.27459423E-03
     -16       1      -2.24631825E-02   2.12821053E-03   1.27459423E-03
     -16       2      -2.24631825E-02   4.25642106E-03   1.04051116E-03
     -16       3      -2.24631825E-02   6.38463158E-03   8.31312225E-04
     -16       4      -2.24631825E-02   8.51284211E-03   6.46916159E-04
     -16       5      -2.24631825E-02   1.06410526E-02   4.87251250E-04
     -16       6      -2.24631825E-02   1.27692632E-02   3.52255348E-04
     -16       7      -2.24631825E-02   1.48974737E-02   2.41875865E-04
     -16       8      -2.24631825E-02   1.70256842E-02   1.56069777E-04
     -16       9      -2.24631825E-02   1.91538948E-02   9.48036165E-05
     -16      10      -2.24631825E-02   2.12821053E-02   1.05958558E-04
 
     -15     -10      -2.10592336E-02  -2.12821053E-02   5.69005390E-05
     -15      -9      -2.10592336E-02  -1.91538948E-02   6.91638439E-05
     -15      -8      -2.10592336E-02  -1.70256842E-02   1.05958558E-04
     -15      -7      -2.10592336E-02  -1.48974737E-02   1.67299082E-04
     -15      -6      -2.10592336E-02  -1.27692632E-02   2.53209414E-04
     -15      -5      -2.10592336E-02  -1.06410526E-02   3.63723153E-04
     -15      -4      -2.10592336E-02  -8.51284211E-03   4.98883497E-04
     -15      -3      -2.10592336E-02  -6.38463158E-03   6.58743244E-04
     -15      -2      -2.10592336E-02  -4.25642106E-03   8.43364791E-04
     -15      -1      -2.10592336E-02  -2.12821053E-03   1.05282014E-03
     -15       0      -2.10592336E-02   0.00000000E+00   1.28719088E-03
     -15       1      -2.10592336E-02   2.12821053E-03   1.28719088E-03
     -15       2      -2.10592336E-02   4.25642106E-03   1.05282014E-03
     -15       3      -2.10592336E-02   6.38463158E-03   8.43364791E-04
     -15       4      -2.10592336E-02   8.51284211E-03   6.58743244E-04
     -15       5      -2.10592336E-02   1.06410526E-02   4.98883497E-04
     -15       6      -2.10592336E-02   1.27692632E-02   3.63723153E-04
     -15       7      -2.10592336E-02   1.48974737E-02   2.53209414E-04
     -15       8      -2.10592336E-02   1.70256842E-02   1.67299082E-04
     -15       9      -2.10592336E-02   1.91538948E-02   1.05958558E-04
     -15      10      -2.10592336E-02   2.12821053E-02   1.18333981E-04
 
     -14     -10      -1.96552847E-02  -2.12821053E-02   6.92164557E-05
     -14      -9      -1.96552847E-02  -1.91538948E-02   8.14946322E-05
     -14      -8      -1.96552847E-02  -1.70256842E-02   1.18333981E-04
     -14      -7      -1.96552847E-02  -1.48974737E-02   1.79748958E-04
     -14      -6      -1.96552847E-02  -1.27692632E-02   2.65763660E-04
     -14      -5      -1.96552847E-02  -1.06410526E-02   3.76411819E-04
     -14      -4      -1.96552847E-02  -8.51284211E-03   5.11736807E-04
     -14      -3      -1.96552847E-02  -6.38463158E-03   6.71791632E-04
     -14      -2      -1.96552847E-02  -4.25642106E-03   8.56638943E-04
     -14      -1      -1.96552847E-02  -2.12821053E-03   1.06635103E-03
     -14       0      -1.96552847E-02   0.00000000E+00   1.30100980E-03
     -14       1      -1.96552847E-02   2.12821053E-03   1.30100980E-03
     -14       2      -1.96552847E-02   4.25642106E-03   1.06635103E-03
     -14       3      -1.96552847E-02   6.38463158E-03   8.56638943E-04
     -14       4      -1.96552847E-02   8.51284211E-03   6.71791632E-04
     -14       5      -1.96552847E-02   1.06410526E-02   5.11736807E-04
     -14       6      -1.96552847E-02   1.27692632E-02   3.76411819E-04
     -14       7      -1.96552847E-02   1.48974737E-02   2.65763660E-04
     -14       8      -1.96552847E-02   1.70256842E-02   1.79748958E-04
     -14       9      -1.96552847E-02   1.91538948E-02   1.18333981E-04
     -14      10      -1.96552847E-02   2.12821053E-02   1.31935071E-04
 
     -13     -10      -1.82513358E-02  -2.12821053E-02   8.27579692E-05
     -13      -9      -1.82513358E-02  -1.91538948E-02   9.50510350E-05
     -13      -8      -1.82513358E-02  -1.70256842E-02   1.31935071E-04
     -13      -7      -1.82513358E-02  -1.48974737E-02   1.93424591E-04
     -13      -6      -1.82513358E-02  -1.27692632E-02   2.79543789E-04
     -13      -5      -1.82513358E-02  -1.06410526E-02   3.90326531E-04
     -13      -4      -1.82513358E-02  -8.51284211E-03   5.25816363E-04
     -13      -3      -1.82513358E-02  -6.38463158E-03   6.86066506E-04
     -13      -2      -1.82513358E-02  -4.25642106E-03   8.71139859E-04
     -13      -1      -1.82513358E-02  -2.12821053E-03   1.08110900E-03
     -13       0      -1.82513358E-02   0.00000000E+00   1.31605617E-03
     -13       1      -1.82513358E-02   2.12821053E-03   1.31605617E-03
     -13       2      -1.82513358E-02   4.25642106E-03   1.08110900E-03
     -13       3      -1.82513358E-02   6.38463158E-03   8.71139859E-04
     -13       4      -1.82513358E-02   8.51284211E-03   6.86066506E-04
     -13       5      -1.82513358E-02   1.06410526E-02   5.25816363E-04
     -13       6      -1.82513358E-02   1.27692632E-02   3.90326531E-04
     -13       7      -1.82513358E-02   1.48974737E-02   2.79543789E-04
     -13       8      -1.82513358E-02   1.70256842E-02   1.93424591E-04
     -13       9      -1.82513358E-02   1.91538948E-02   1.31935071E-04
     -13      10      -1.82513358E-02   2.12821053E-02   1.46767056E-04
 
     -12     -10      -1.68473869E-02  -2.12821053E-02   9.75303072E-05
     -12      -9      -1.68473869E-02  -1.91538948E-02   1.09838280E-04
     -12      -8      -1.68473869E-02  -1.70256842E-02   1.46767056E-04
     -12      -7      -1.68473869E-02  -1.48974737E-02   2.08331208E-04
     -12      -6      -1.68473869E-02  -1.27692632E-02   2.94555026E-04
     -12      -5      -1.68473869E-02  -1.06410526E-02   4.05472512E-04
     -12      -4      -1.68473869E-02  -8.51284211E-03   5.41127387E-04
     -12      -3      -1.68473869E-02  -6.38463158E-03   7.01573085E-04
     -12      -2      -1.68473869E-02  -4.25642106E-03   8.86872757E-04
     -12      -1      -1.68473869E-02  -2.12821053E-03   1.09709927E-03
     -12       0      -1.68473869E-02   0.00000000E+00   1.33233520E-03
     -12       1      -1.68473869E-02   2.12821053E-03   1.33233520E-03
     -12       2      -1.68473869E-02   4.25642106E-03   1.09709927E-03
     -12       3      -1.68473869E-02   6.38463158E-03   8.86872757E-04
     -12       4      -1.68473869E-02   8.51284211E-03   7.01573085E-04
     -12       5      -1.68473869E-02   1.06410526E-02   5.41127387E-04
     -12       6      -1.68473869E-02   1.27692632E-02   4.05472512E-04
     -12       7      -1.68473869E-02   1.48974737E-02   2.94555026E-04
     -12       8      -1.68473869E-02   1.70256842E-02   2.08331208E-04
     -12       9      -1.68473869E-02   1.91538948E-02   1.46767056E-04
     -12      10      -1.68473869E-02   2.12821053E-02   1.62835203E-04
 
     -11     -10      -1.54434380E-02  -2.12821053E-02   1.13538737E-04
     -11      -9      -1.54434380E-02  -1.91538948E-02   1.25861634E-04
     -11      -8      -1.54434380E-02  -1.70256842E-02   1.62835203E-04
     -11      -7      -1.54434380E-02  -1.48974737E-02   2.24474075E-04
     -11      -6      -1.54434380E-02  -1.27692632E-02   3.10802636E-04
     -11      -5      -1.54434380E-02  -1.06410526E-02   4.21855026E-04
     -11      -4      -1.54434380E-02  -8.51284211E-03   5.57675140E-04
     -11      -3      -1.54434380E-02  -6.38463158E-03   7.18316628E-04
     -11      -2      -1.54434380E-02  -4.25642106E-03   9.03842893E-04
     -11      -1      -1.54434380E-02  -2.12821053E-03   1.11432709E-03
     -11       0      -1.54434380E-02   0.00000000E+00   1.34985214E-03
     -11       1      -1.54434380E-02   2.12821053E-03   1.34985214E-03
     -11       2      -1.54434380E-02   4.25642106E-03   1.11432709E-03
     -11       3      -1.54434380E-02   6.38463158E-03   9.03842893E-04
     -11       4      -1.54434380E-02   8.51284211E-03   7.18316628E-04
     -11       5      -1.54434380E-02   1.06410526E-02   5.57675140E-04
     -11       6      -1.54434380E-02   1.27692632E-02   4.21855026E-04
     -11       7      -1.54434380E-02   1.48974737E-02   3.10802636E-04
     -11       8      -1.54434380E-02   1.70256842E-02   2.24474075E-04
     -11       9      -1.54434380E-02   1.91538948E-02   1.62835203E-04
     -11      10      -1.54434380E-02   2.12821053E-02   1.80144817E-04
 
     -10     -10      -1.40394891E-02  -2.12821053E-02   1.30788565E-04
     -10      -9      -1.40394891E-02  -1.91538948E-02   1.43126404E-04
     -10      -8      -1.40394891E-02  -1.70256842E-02   1.80144817E-04
     -10      -7      -1.40394891E-02  -1.48974737E-02   2.41858496E-04
     -10      -6      -1.40394891E-02  -1.27692632E-02   3.28291923E-04
     -10      -5      -1.40394891E-02  -1.06410526E-02   4.39479375E-04
     -10      -4      -1.40394891E-02  -8.51284211E-03   5.75464925E-04
     -10      -3      -1.40394891E-02  -6.38463158E-03   7.36302435E-04
     -10      -2      -1.40394891E-02  -4.25642106E-03   9.22055565E-04
     -10      -1      -1.40394891E-02  -2.12821053E-03   1.13279776E-03
     -10       0      -1.40394891E-02   0.00000000E+00   1.36861228E-03
     -10       1      -1.40394891E-02   2.12821053E-03   1.36861228E-03
     -10       2      -1.40394891E-02   4.25642106E-03   1.13279776E-03
     -10       3      -1.40394891E-02   6.38463158E-03   9.22055565E-04
     -10       4      -1.40394891E-02   8.51284211E-03   7.36302435E-04
     -10       5      -1.40394891E-02   1.06410526E-02   5.75464925E-04
     -10       6      -1.40394891E-02   1.27692632E-02   4.39479375E-04
     -10       7      -1.40394891E-02   1.48974737E-02   3.28291923E-04
     -10       8      -1.40394891E-02   1.70256842E-02   2.41858496E-04
     -10       9      -1.40394891E-02   1.91538948E-02   1.80144817E-04
     -10      10      -1.40394891E-02   2.12821053E-02   1.98701247E-04
 
      -9     -10      -1.26355402E-02  -2.12821053E-02   1.49285139E-04
      -9      -9      -1.26355402E-02  -1.91538948E-02   1.61637937E-04
      -9      -8      -1.26355402E-02  -1.70256842E-02   1.98701247E-04
      -9      -7      -1.26355402E-02  -1.48974737E-02   2.60489818E-04
      -9      -6      -1.26355402E-02  -1.27692632E-02   3.47028232E-04
      -9      -5      -1.26355402E-02  -1.06410526E-02   4.58350904E-04
      -9      -4      -1.26355402E-02  -8.51284211E-03   5.94502082E-04
      -9      -3      -1.26355402E-02  -6.38463158E-03   7.55535846E-04
      -9      -2      -1.26355402E-02  -4.25642106E-03   9.41516109E-04
      -9      -1      -1.26355402E-02  -2.12821053E-03   1.15251662E-03
      -9       0      -1.26355402E-02   0.00000000E+00   1.38862095E-03
      -9       1      -1.26355402E-02   2.12821053E-03   1.38862095E-03
      -9       2      -1.26355402E-02   4.25642106E-03   1.15251662E-03
      -9       3      -1.26355402E-02   6.38463158E-03   9.41516109E-04
      -9       4      -1.26355402E-02   8.51284211E-03   7.55535846E-04
      -9       5      -1.26355402E-02   1.06410526E-02   5.94502082E-04
      -9       6      -1.26355402E-02   1.27692632E-02   4.58350904E-04
      -9       7      -1.26355402E-02   1.48974737E-02   3.47028232E-04
      -9       8      -1.26355402E-02   1.70256842E-02   2.60489818E-04
      -9       9      -1.26355402E-02   1.91538948E-02   1.98701247E-04
      -9      10      -1.26355402E-02   2.12821053E-02   2.18509878E-04
 
      -8     -10      -1.12315913E-02  -2.12821053E-02   1.69033847E-04
      -8      -9      -1.12315913E-02  -1.91538948E-02   1.81401621E-04
      -8      -8      -1.12315913E-02  -1.70256842E-02   2.18509878E-04
      -8      -7      -1.12315913E-02  -1.48974737E-02   2.80373427E-04
      -8      -6      -1.12315913E-02  -1.27692632E-02   3.67016948E-04
      -8      -5      -1.12315913E-02  -1.06410526E-02   4.78474995E-04
      -8      -4      -1.12315913E-02  -8.51284211E-03   6.14791992E-04
      -8      -3      -1.12315913E-02  -6.38463158E-03   7.76022238E-04
      -8      -2      -1.12315913E-02  -4.25642106E-03   9.62229903E-04
      -8      -1      -1.12315913E-02  -2.12821053E-03   1.17348903E-03
      -8       0      -1.12315913E-02   0.00000000E+00   1.40988353E-03
      -8       1      -1.12315913E-02   2.12821053E-03   1.40988353E-03
      -8       2      -1.12315913E-02   4.25642106E-03   1.17348903E-03
      -8       3      -1.12315913E-02   6.38463158E-03   9.62229903E-04
      -8       4      -1.12315913E-02   8.51284211E-03   7.76022238E-04
      -8       5      -1.12315913E-02   1.06410526E-02   6.14791992E-04
      -8       6      -1.12315913E-02   1.27692632E-02   4.78474995E-04
      -8       7      -1.12315913E-02   1.48974737E-02   3.67016948E-04
      -8       8      -1.12315913E-02   1.70256842E-02   2.80373427E-04
      -8       9      -1.12315913E-02   1.91538948E-02   2.18509878E-04
      -8      10      -1.12315913E-02   2.12821053E-02   2.39576139E-04
 
      -7     -10      -9.82764235E-03  -2.12821053E-02   1.90040118E-04
      -7      -9      -9.82764235E-03  -1.91538948E-02   2.02422885E-04
      -7      -8      -9.82764235E-03  -1.70256842E-02   2.39576139E-04
      -7      -7      -9.82764235E-03  -1.48974737E-02   3.01514751E-04
      -7      -6      -9.82764235E-03  -1.27692632E-02   3.88263498E-04
      -7      -5      -9.82764235E-03  -1.06410526E-02   4.99857073E-04
      -7      -4      -9.82764235E-03  -8.51284211E-03   6.36340080E-04
      -7      -3      -9.82764235E-03  -6.38463158E-03   7.97767035E-04
      -7      -2      -9.82764235E-03  -4.25642106E-03   9.84202365E-04
      -7      -1      -9.82764235E-03  -2.12821053E-03   1.19572041E-03
      -7       0      -9.82764235E-03   0.00000000E+00   1.43240542E-03
      -7       1      -9.82764235E-03   2.12821053E-03   1.43240542E-03
      -7       2      -9.82764235E-03   4.25642106E-03   1.19572041E-03
      -7       3      -9.82764235E-03   6.38463158E-03   9.84202365E-04
      -7       4      -9.82764235E-03   8.51284211E-03   7.97767035E-04
      -7       5      -9.82764235E-03   1.06410526E-02   6.36340080E-04
      -7       6      -9.82764235E-03   1.27692632E-02   4.99857073E-04
      -7       7      -9.82764235E-03   1.48974737E-02   3.88263498E-04
      -7       8      -9.82764235E-03   1.70256842E-02   3.01514751E-04
      -7       9      -9.82764235E-03   1.91538948E-02   2.39576139E-04
      -7      10      -9.82764235E-03   2.12821053E-02   2.61905500E-04
 
      -6     -10      -8.42369344E-03  -2.12821053E-02   2.12309422E-04
      -6      -9      -8.42369344E-03  -1.91538948E-02   2.24707198E-04
      -6      -8      -8.42369344E-03  -1.70256842E-02   2.61905500E-04
      -6      -7      -8.42369344E-03  -1.48974737E-02   3.23919258E-04
      -6      -6      -8.42369344E-03  -1.27692632E-02   4.10773349E-04
      -6      -5      -8.42369344E-03  -1.06410526E-02   5.22502605E-04
      -6      -4      -8.42369344E-03  -8.51284211E-03   6.59151810E-04
      -6      -3      -8.42369344E-03  -6.38463158E-03   8.20775697E-04
      -6      -2      -8.42369344E-03  -4.25642106E-03   1.00743895E-03
      -6      -1      -8.42369344E-03  -2.12821053E-03   1.21921622E-03
      -6       0      -8.42369344E-03   0.00000000E+00   1.45619208E-03
      -6       1      -8.42369344E-03   2.12821053E-03   1.45619208E-03
      -6       2      -8.42369344E-03   4.25642106E-03   1.21921622E-03
      -6       3      -8.42369344E-03   6.38463158E-03   1.00743895E-03
      -6       4      -8.42369344E-03   8.51284211E-03   8.20775697E-04
      -6       5      -8.42369344E-03   1.06410526E-02   6.59151810E-04
      -6       6      -8.42369344E-03   1.27692632E-02   5.22502605E-04
      -6       7      -8.42369344E-03   1.48974737E-02   4.10773349E-04
      -6       8      -8.42369344E-03   1.70256842E-02   3.23919258E-04
      -6       9      -8.42369344E-03   1.91538948E-02   2.61905500E-04
      -6      10      -8.42369344E-03   2.12821053E-02   2.85503473E-04
 
      -5     -10      -7.01974454E-03  -2.12821053E-02   2.35847272E-04
      -5      -9      -7.01974454E-03  -1.91538948E-02   2.48260073E-04
      -5      -8      -7.01974454E-03  -1.70256842E-02   2.85503473E-04
      -5      -7      -7.01974454E-03  -1.48974737E-02   3.47592458E-04
      -5      -6      -7.01974454E-03  -1.27692632E-02   4.34552010E-04
      -5      -5      -7.01974454E-03  -1.06410526E-02   5.46417098E-04
      -5      -4      -7.01974454E-03  -8.51284211E-03   6.83232686E-04
      -5      -3      -7.01974454E-03  -6.38463158E-03   8.45053728E-04
      -5      -2      -7.01974454E-03  -4.25642106E-03   1.03194517E-03
      -5      -1      -7.01974454E-03  -2.12821053E-03   1.24398196E-03
      -5       0      -7.01974454E-03   0.00000000E+00   1.48124901E-03
      -5       1      -7.01974454E-03   2.12821053E-03   1.48124901E-03
      -5       2      -7.01974454E-03   4.25642106E-03   1.24398196E-03
      -5       3      -7.01974454E-03   6.38463158E-03   1.03194517E-03
      -5       4      -7.01974454E-03   8.51284211E-03   8.45053728E-04
      -5       5      -7.01974454E-03   1.06410526E-02   6.83232686E-04
      -5       6      -7.01974454E-03   1.27692632E-02   5.46417098E-04
      -5       7      -7.01974454E-03   1.48974737E-02   4.34552010E-04
      -5       8      -7.01974454E-03   1.70256842E-02   3.47592458E-04
      -5       9      -7.01974454E-03   1.91538948E-02   2.85503473E-04
      -5      10      -7.01974454E-03   2.12821053E-02   3.10375609E-04
 
      -4     -10      -5.61579563E-03  -2.12821053E-02   2.60659220E-04
      -4      -9      -5.61579563E-03  -1.91538948E-02   2.73087063E-04
      -4      -8      -5.61579563E-03  -1.70256842E-02   3.10375609E-04
      -4      -7      -5.61579563E-03  -1.48974737E-02   3.72539905E-04
      -4      -6      -5.61579563E-03  -1.27692632E-02   4.59605032E-04
      -4      -5      -5.61579563E-03  -1.06410526E-02   5.71606101E-04
      -4      -4      -5.61579563E-03  -8.51284211E-03   7.08588257E-04
      -4      -3      -5.61579563E-03  -6.38463158E-03   8.70606674E-04
      -4      -2      -5.61579563E-03  -4.25642106E-03   1.05772656E-03
      -4      -1      -5.61579563E-03  -2.12821053E-03   1.27002316E-03
      -4       0      -5.61579563E-03   0.00000000E+00   1.50758174E-03
      -4       1      -5.61579563E-03   2.12821053E-03   1.50758174E-03
      -4       2      -5.61579563E-03   4.25642106E-03   1.27002316E-03
      -4       3      -5.61579563E-03   6.38463158E-03   1.05772656E-03
      -4       4      -5.61579563E-03   8.51284211E-03   8.70606674E-04
      -4       5      -5.61579563E-03   1.06410526E-02   7.08588257E-04
      -4       6      -5.61579563E-03   1.27692632E-02   5.71606101E-04
      -4       7      -5.61579563E-03   1.48974737E-02   4.59605032E-04
      -4       8      -5.61579563E-03   1.70256842E-02   3.72539905E-04
      -4       9      -5.61579563E-03   1.91538948E-02   3.10375609E-04
      -4      10      -5.61579563E-03   2.12821053E-02   3.36527506E-04
 
      -3     -10      -4.21184672E-03  -2.12821053E-02   2.86750864E-04
      -3      -9      -4.21184672E-03  -1.91538948E-02   2.99193766E-04
      -3      -8      -4.21184672E-03  -1.70256842E-02   3.36527506E-04
      -3      -7      -4.21184672E-03  -1.48974737E-02   3.98767194E-04
      -3      -6      -4.21184672E-03  -1.27692632E-02   4.85938010E-04
      -3      -5      -4.21184672E-03  -1.06410526E-02   5.98075208E-04
      -3      -4      -4.21184672E-03  -8.51284211E-03   7.35224113E-04
      -3      -3      -4.21184672E-03  -6.38463158E-03   8.97440123E-04
      -3      -2      -4.21184672E-03  -4.25642106E-03   1.08478871E-03
      -3      -1      -4.21184672E-03  -2.12821053E-03   1.29734541E-03
      -3       0      -4.21184672E-03   0.00000000E+00   1.53519585E-03
      -3       1      -4.21184672E-03   2.12821053E-03   1.53519585E-03
      -3       2      -4.21184672E-03   4.25642106E-03   1.29734541E-03
      -3       3      -4.21184672E-03   6.38463158E-03   1.08478871E-03
      -3       4      -4.21184672E-03   8.51284211E-03   8.97440123E-04
      -3       5      -4.21184672E-03   1.06410526E-02   7.35224113E-04
      -3       6      -4.21184672E-03   1.27692632E-02   5.98075208E-04
      -3       7      -4.21184672E-03   1.48974737E-02   4.85938010E-04
      -3       8      -4.21184672E-03   1.70256842E-02   3.98767194E-04
      -3       9      -4.21184672E-03   1.91538948E-02   3.36527506E-04
      -3      10      -4.21184672E-03   2.12821053E-02   3.63964802E-04
 
      -2     -10      -2.80789781E-03  -2.12821053E-02   3.14127844E-04
      -2      -9      -2.80789781E-03  -1.91538948E-02   3.26585819E-04
      -2      -8      -2.80789781E-03  -1.70256842E-02   3.63964802E-04
      -2      -7      -2.80789781E-03  -1.48974737E-02   4.26279961E-04
      -2      -6      -2.80789781E-03  -1.27692632E-02   5.13556579E-04
      -2      -5      -2.80789781E-03  -1.06410526E-02   6.25830052E-04
      -2      -4      -2.80789781E-03  -8.51284211E-03   7.63145886E-04
      -2      -3      -2.80789781E-03  -6.38463158E-03   9.25559705E-04
      -2      -2      -2.80789781E-03  -4.25642106E-03   1.11313724E-03
      -2      -1      -2.80789781E-03  -2.12821053E-03   1.32595434E-03
      -2       0      -2.80789781E-03   0.00000000E+00   1.56409697E-03
      -2       1      -2.80789781E-03   2.12821053E-03   1.56409697E-03
      -2       2      -2.80789781E-03   4.25642106E-03   1.32595434E-03
      -2       3      -2.80789781E-03   6.38463158E-03   1.11313724E-03
      -2       4      -2.80789781E-03   8.51284211E-03   9.25559705E-04
      -2       5      -2.80789781E-03   1.06410526E-02   7.63145886E-04
      -2       6      -2.80789781E-03   1.27692632E-02   6.25830052E-04
      -2       7      -2.80789781E-03   1.48974737E-02   5.13556579E-04
      -2       8      -2.80789781E-03   1.70256842E-02   4.26279961E-04
      -2       9      -2.80789781E-03   1.91538948E-02   3.63964802E-04
      -2      10      -2.80789781E-03   2.12821053E-02   3.92693179E-04
 
      -1     -10      -1.40394891E-03  -2.12821053E-02   3.42795841E-04
      -1      -9      -1.40394891E-03  -1.91538948E-02   3.55268906E-04
      -1      -8      -1.40394891E-03  -1.70256842E-02   3.92693179E-04
      -1      -7      -1.40394891E-03  -1.48974737E-02   4.55083889E-04
      -1      -6      -1.40394891E-03  -1.27692632E-02   5.42466420E-04
      -1      -5      -1.40394891E-03  -1.06410526E-02   6.54876312E-04
      -1      -4      -1.40394891E-03  -8.51284211E-03   7.92359254E-04
      -1      -3      -1.40394891E-03  -6.38463158E-03   9.54971094E-04
      -1      -2      -1.40394891E-03  -4.25642106E-03   1.14277783E-03
      -1      -1      -1.40394891E-03  -2.12821053E-03   1.35585561E-03
      -1       0      -1.40394891E-03   0.00000000E+00   1.59429075E-03
      -1       1      -1.40394891E-03   2.12821053E-03   1.59429075E-03
      -1       2      -1.40394891E-03   4.25642106E-03   1.35585561E-03
      -1       3      -1.40394891E-03   6.38463158E-03   1.14277783E-03
      -1       4      -1.40394891E-03   8.51284211E-03   9.54971094E-04
      -1       5      -1.40394891E-03   1.06410526E-02   7.92359254E-04
      -1       6      -1.40394891E-03   1.27692632E-02   6.54876312E-04
      -1       7      -1.40394891E-03   1.48974737E-02   5.42466420E-04
      -1       8      -1.40394891E-03   1.70256842E-02   4.55083889E-04
      -1       9      -1.40394891E-03   1.91538948E-02   3.92693179E-04
      -1      10      -1.40394891E-03   2.12821053E-02   4.22718362E-04
 
       0     -10       0.00000000E+00  -2.12821053E-02   3.72760583E-04
       0      -9       0.00000000E+00  -1.91538948E-02   3.85248753E-04
       0      -8       0.00000000E+00  -1.70256842E-02   4.22718362E-04
       0      -7       0.00000000E+00  -1.48974737E-02   4.85184701E-04
       0      -6       0.00000000E+00  -1.27692632E-02   5.72673256E-04
       0      -5       0.00000000E+00  -1.06410526E-02   6.85219709E-04
       0      -4       0.00000000E+00  -8.51284211E-03   8.22869936E-04
       0      -3       0.00000000E+00  -6.38463158E-03   9.85680007E-04
       0      -2       0.00000000E+00  -4.25642106E-03   1.17371619E-03
       0      -1       0.00000000E+00  -2.12821053E-03   1.38705494E-03
       0       0       0.00000000E+00   0.00000000E+00   1.62578291E-03
       0       1       0.00000000E+00   2.12821053E-03   1.62578291E-03
       0       2       0.00000000E+00   4.25642106E-03   1.38705494E-03
       0       3       0.00000000E+00   6.38463158E-03   1.17371619E-03
       0       4       0.00000000E+00   8.51284211E-03   9.85680007E-04
       0       5       0.00000000E+00   1.06410526E-02   8.22869936E-04
       0       6       0.00000000E+00   1.27692632E-02   6.85219709E-04
       0       7       0.00000000E+00   1.48974737E-02   5.72673256E-04
       0       8       0.00000000E+00   1.70256842E-02   4.85184701E-04
       0       9       0.00000000E+00   1.91538948E-02   4.22718362E-04
       0      10       0.00000000E+00   2.12821053E-02   4.07079274E-04
 
       1     -10       1.40394891E-03  -2.12821053E-02   3.60054789E-04
       1      -9       1.40394891E-03  -1.91538948E-02   3.71809866E-04
       1      -8       1.40394891E-03  -1.70256842E-02   4.07079274E-04
       1      -7       1.40394891E-03  -1.48974737E-02   4.65875548E-04
       1      -6       1.40394891E-03  -1.27692632E-02   5.48219578E-04
       1      -5       1.40394891E-03  -1.06410526E-02   6.54140610E-04
       1      -4       1.40394891E-03  -8.51284211E-03   7.83676246E-04
       1      -3       1.40394891E-03  -6.38463158E-03   9.36872446E-04
       1      -2       1.40394891E-03  -4.25642106E-03   1.11378352E-03
       1      -1       1.40394891E-03  -2.12821053E-03   1.31447215E-03
       1       0       1.40394891E-03   0.00000000E+00   1.53900935E-03
       1       1       1.40394891E-03   2.12821053E-03   1.53900935E-03
       1       2       1.40394891E-03   4.25642106E-03   1.31447215E-03
       1       3       1.40394891E-03   6.38463158E-03   1.11378352E-03
       1       4       1.40394891E-03   8.51284211E-03   9.36872446E-04
       1       5       1.40394891E-03   1.06410526E-02   7.83676246E-04
       1       6       1.40394891E-03   1.27692632E-02   6.54140610E-04
       1       7       1.40394891E-03   1.48974737E-02   5.48219578E-04
       1       8       1.40394891E-03   1.70256842E-02   4.65875548E-04
       1       9       1.40394891E-03   1.91538948E-02   4.07079274E-04
       1      10       1.40394891E-03   2.12821053E-02   3.79569628E-04
 
       2     -10       2.80789781E-03  -2.12821053E-02   3.32488463E-04
       2      -9       2.80789781E-03  -1.91538948E-02   3.44257706E-04
       2      -8       2.80789781E-03  -1.70256842E-02   3.79569628E-04
       2      -7       2.80789781E-03  -1.48974737E-02   4.38436814E-04
       2      -6       2.80789781E-03  -1.27692632E-02   5.20880235E-04
       2      -5       2.80789781E-03  -1.06410526E-02   6.26929254E-04
       2      -4       2.80789781E-03  -8.51284211E-03   7.56621621E-04
       2      -3       2.80789781E-03  -6.38463158E-03   9.10003477E-04
       2      -2       2.80789781E-03  -4.25642106E-03   1.08712935E-03
       2      -1       2.80789781E-03  -2.12821053E-03   1.28806216E-03
       2       0       2.80789781E-03   0.00000000E+00   1.51287321E-03
       2       1       2.80789781E-03   2.12821053E-03   1.51287321E-03
       2       2       2.80789781E-03   4.25642106E-03   1.28806216E-03
       2       3       2.80789781E-03   6.38463158E-03   1.08712935E-03
       2       4       2.80789781E-03   8.51284211E-03   9.10003477E-04
       2       5       2.80789781E-03   1.06410526E-02   7.56621621E-04
       2       6       2.80789781E-03   1.27692632E-02   6.26929254E-04
       2       7       2.80789781E-03   1.48974737E-02   5.20880235E-04
       2       8       2.80789781E-03   1.70256842E-02   4.38436814E-04
       2       9       2.80789781E-03   1.91538948E-02   3.79569628E-04
       2      10       2.80789781E-03   2.12821053E-02   3.53124725E-04
 
       3     -10       4.21184672E-03  -2.12821053E-02   3.05986792E-04
       3      -9       4.21184672E-03  -1.91538948E-02   3.17770223E-04
       3      -8       4.21184672E-03  -1.70256842E-02   3.53124725E-04
       3      -7       4.21184672E-03  -1.48974737E-02   4.12062932E-04
       3      -6       4.21184672E-03  -1.27692632E-02   4.94605901E-04
       3      -5       4.21184672E-03  -1.06410526E-02   6.00783107E-04
       3      -4       4.21184672E-03  -8.51284211E-03   7.30632451E-04
       3      -3       4.21184672E-03  -6.38463158E-03   8.84200254E-04
       3      -2       4.21184672E-03  -4.25642106E-03   1.06154126E-03
       3      -1       4.21184672E-03  -2.12821053E-03   1.26271864E-03
       3       0       4.21184672E-03   0.00000000E+00   1.48780397E-03
       3       1       4.21184672E-03   2.12821053E-03   1.48780397E-03
       3       2       4.21184672E-03   4.25642106E-03   1.26271864E-03
       3       3       4.21184672E-03   6.38463158E-03   1.06154126E-03
       3       4       4.21184672E-03   8.51284211E-03   8.84200254E-04
       3       5       4.21184672E-03   1.06410526E-02   7.30632451E-04
       3       6       4.21184672E-03   1.27692632E-02   6.00783107E-04
       3       7       4.21184672E-03   1.48974737E-02   4.94605901E-04
       3       8       4.21184672E-03   1.70256842E-02   4.12062932E-04
       3       9       4.21184672E-03   1.91538948E-02   3.53124725E-04
       3      10       4.21184672E-03   2.12821053E-02   3.27748641E-04
 
       4     -10       5.61579563E-03  -2.12821053E-02   2.80553852E-04
       4      -9       5.61579563E-03  -1.91538948E-02   2.92351492E-04
       4      -8       5.61579563E-03  -1.70256842E-02   3.27748641E-04
       4      -7       5.61579563E-03  -1.48974737E-02   3.86757980E-04
       4      -6       5.61579563E-03  -1.27692632E-02   4.69400650E-04
       4      -5       5.61579563E-03  -1.06410526E-02   5.75706242E-04
       4      -4       5.61579563E-03  -8.51284211E-03   7.05712808E-04
       4      -3       5.61579563E-03  -6.38463158E-03   8.59466851E-04
       4      -2       5.61579563E-03  -4.25642106E-03   1.03702333E-03
       4      -1       5.61579563E-03  -2.12821053E-03   1.23844566E-03
       4       0       5.61579563E-03   0.00000000E+00   1.46380572E-03
       4       1       5.61579563E-03   2.12821053E-03   1.46380572E-03
       4       2       5.61579563E-03   4.25642106E-03   1.23844566E-03
       4       3       5.61579563E-03   6.38463158E-03   1.03702333E-03
       4       4       5.61579563E-03   8.51284211E-03   8.59466851E-04
       4       5       5.61579563E-03   1.06410526E-02   7.05712808E-04
       4       6       5.61579563E-03   1.27692632E-02   5.75706242E-04
       4       7       5.61579563E-03   1.48974737E-02   4.69400650E-04
       4       8       5.61579563E-03   1.70256842E-02   3.86757980E-04
       4       9       5.61579563E-03   1.91538948E-02   3.27748641E-04
       4      10       5.61579563E-03   2.12821053E-02   3.03445480E-04
 
       5     -10       7.01974454E-03  -2.12821053E-02   2.56193748E-04
       5      -9       7.01974454E-03  -1.91538948E-02   2.68005620E-04
       5      -8       7.01974454E-03  -1.70256842E-02   3.03445480E-04
       5      -7       7.01974454E-03  -1.48974737E-02   3.62526061E-04
       5      -6       7.01974454E-03  -1.27692632E-02   4.45268585E-04
       5      -5       7.01974454E-03  -1.06410526E-02   5.51702763E-04
       5      -4       7.01974454E-03  -8.51284211E-03   6.81866795E-04
       5      -3       7.01974454E-03  -6.38463158E-03   8.35807367E-04
       5      -2       7.01974454E-03  -4.25642106E-03   1.01357966E-03
       5      -1       7.01974454E-03  -2.12821053E-03   1.21524733E-03
       5       0       7.01974454E-03   0.00000000E+00   1.44088255E-03
       5       1       7.01974454E-03   2.12821053E-03   1.44088255E-03
       5       2       7.01974454E-03   4.25642106E-03   1.21524733E-03
       5       3       7.01974454E-03   6.38463158E-03   1.01357966E-03
       5       4       7.01974454E-03   8.51284211E-03   8.35807367E-04
       5       5       7.01974454E-03   1.06410526E-02   6.81866795E-04
       5       6       7.01974454E-03   1.27692632E-02   5.51702763E-04
       5       7       7.01974454E-03   1.48974737E-02   4.45268585E-04
       5       8       7.01974454E-03   1.70256842E-02   3.62526061E-04
       5       9       7.01974454E-03   1.91538948E-02   3.03445480E-04
       5      10       7.01974454E-03   2.12821053E-02   2.80219371E-04
 
       6     -10       8.42369344E-03  -2.12821053E-02   2.32910609E-04
       6      -9       8.42369344E-03  -1.91538948E-02   2.44736735E-04
       6      -8       8.42369344E-03  -1.70256842E-02   2.80219371E-04
       6      -7       8.42369344E-03  -1.48974737E-02   3.39371303E-04
       6      -6       8.42369344E-03  -1.27692632E-02   4.22213836E-04
       6      -5       8.42369344E-03  -1.06410526E-02   5.28776797E-04
       6      -4       8.42369344E-03  -8.51284211E-03   6.59098538E-04
       6      -3       8.42369344E-03  -6.38463158E-03   8.13225929E-04
       6      -2       8.42369344E-03  -4.25642106E-03   9.91214368E-04
       6      -1       8.42369344E-03  -2.12821053E-03   1.19312777E-03
       6       0       8.42369344E-03   0.00000000E+00   1.41903858E-03
       6       1       8.42369344E-03   2.12821053E-03   1.41903858E-03
       6       2       8.42369344E-03   4.25642106E-03   1.19312777E-03
       6       3       8.42369344E-03   6.38463158E-03   9.91214368E-04
       6       4       8.42369344E-03   8.51284211E-03   8.13225929E-04
       6       5       8.42369344E-03   1.06410526E-02   6.59098538E-04
       6       6       8.42369344E-03   1.27692632E-02   5.28776797E-04
       6       7       8.42369344E-03   1.48974737E-02   4.22213836E-04
       6       8       8.42369344E-03   1.70256842E-02   3.39371303E-04
       6       9       8.42369344E-03   1.91538948E-02   2.80219371E-04
       6      10       8.42369344E-03   2.12821053E-02   2.58074474E-04
 
       7     -10       9.82764235E-03  -2.12821053E-02   2.10708595E-04
       7      -9       9.82764235E-03  -1.91538948E-02   2.22548996E-04
       7      -8       9.82764235E-03  -1.70256842E-02   2.58074474E-04
       7      -7       9.82764235E-03  -1.48974737E-02   3.17297865E-04
       7      -6       9.82764235E-03  -1.27692632E-02   4.00240559E-04
       7      -5       9.82764235E-03  -1.06410526E-02   5.06932500E-04
       7      -4       9.82764235E-03  -8.51284211E-03   6.37412192E-04
       7      -3       9.82764235E-03  -6.38463158E-03   7.91726691E-04
       7      -2       9.82764235E-03  -4.25642106E-03   9.69931612E-04
       7      -1       9.82764235E-03  -2.12821053E-03   1.17209112E-03
       7       0       9.82764235E-03   0.00000000E+00   1.39827795E-03
       7       1       9.82764235E-03   2.12821053E-03   1.39827795E-03
       7       2       9.82764235E-03   4.25642106E-03   1.17209112E-03
       7       3       9.82764235E-03   6.38463158E-03   9.69931612E-04
       7       4       9.82764235E-03   8.51284211E-03   7.91726691E-04
       7       5       9.82764235E-03   1.06410526E-02   6.37412192E-04
       7       6       9.82764235E-03   1.27692632E-02   5.06932500E-04
       7       7       9.82764235E-03   1.48974737E-02   4.00240559E-04
       7       8       9.82764235E-03   1.70256842E-02   3.17297865E-04
       7       9       9.82764235E-03   1.91538948E-02   2.58074474E-04
       7      10       9.82764235E-03   2.12821053E-02   2.37014974E-04
 
       8     -10       1.12315913E-02  -2.12821053E-02   1.89591892E-04
       8      -9       1.12315913E-02  -1.91538948E-02   2.01446588E-04
       8      -8       1.12315913E-02  -1.70256842E-02   2.37014974E-04
       8      -7       1.12315913E-02  -1.48974737E-02   2.96309932E-04
       8      -6       1.12315913E-02  -1.27692632E-02   3.79352938E-04
       8      -5       1.12315913E-02  -1.06410526E-02   4.86174056E-04
       8      -4       1.12315913E-02  -8.51284211E-03   6.16811940E-04
       8      -3       1.12315913E-02  -6.38463158E-03   7.71313833E-04
       8      -2       1.12315913E-02  -4.25642106E-03   9.49735570E-04
       8      -1       1.12315913E-02  -2.12821053E-03   1.15214157E-03
       8       0       1.12315913E-02   0.00000000E+00   1.37860485E-03
       8       1       1.12315913E-02   2.12821053E-03   1.37860485E-03
       8       2       1.12315913E-02   4.25642106E-03   1.15214157E-03
       8       3       1.12315913E-02   6.38463158E-03   9.49735570E-04
       8       4       1.12315913E-02   8.51284211E-03   7.71313833E-04
       8       5       1.12315913E-02   1.06410526E-02   6.16811940E-04
       8       6       1.12315913E-02   1.27692632E-02   4.86174056E-04
       8       7       1.12315913E-02   1.48974737E-02   3.79352938E-04
       8       8       1.12315913E-02   1.70256842E-02   2.96309932E-04
       8       9       1.12315913E-02   1.91538948E-02   2.37014974E-04
       8      10       1.12315913E-02   2.12821053E-02   2.17045083E-04
 
       9     -10       1.26355402E-02  -2.12821053E-02   1.69564712E-04
       9      -9       1.26355402E-02  -1.91538948E-02   1.81433727E-04
       9      -8       1.26355402E-02  -1.70256842E-02   2.17045083E-04
       9      -7       1.26355402E-02  -1.48974737E-02   2.76411717E-04
       9      -6       1.26355402E-02  -1.27692632E-02   3.59555187E-04
       9      -5       1.26355402E-02  -1.06410526E-02   4.66505676E-04
       9      -4       1.26355402E-02  -8.51284211E-03   5.97301993E-04
       9      -3       1.26355402E-02  -6.38463158E-03   7.51991566E-04
       9      -2       1.26355402E-02  -4.25642106E-03   9.30630450E-04
       9      -1       1.26355402E-02  -2.12821053E-03   1.13328332E-03
       9       0       1.26355402E-02   0.00000000E+00   1.36002349E-03
       9       1       1.26355402E-02   2.12821053E-03   1.36002349E-03
       9       2       1.26355402E-02   4.25642106E-03   1.13328332E-03
       9       3       1.26355402E-02   6.38463158E-03   9.30630450E-04
       9       4       1.26355402E-02   8.51284211E-03   7.51991566E-04
       9       5       1.26355402E-02   1.06410526E-02   5.97301993E-04
       9       6       1.26355402E-02   1.27692632E-02   4.66505676E-04
       9       7       1.26355402E-02   1.48974737E-02   3.59555187E-04
       9       8       1.26355402E-02   1.70256842E-02   2.76411717E-04
       9       9       1.26355402E-02   1.91538948E-02   2.17045083E-04
       9      10       1.26355402E-02   2.12821053E-02   1.98169044E-04
 
      10     -10       1.40394891E-02  -2.12821053E-02   1.50631298E-04
      10      -9       1.40394891E-02  -1.91538948E-02   1.62514653E-04
      10      -8       1.40394891E-02  -1.70256842E-02   1.98169044E-04
      10      -7       1.40394891E-02  -1.48974737E-02   2.57607460E-04
      10      -6       1.40394891E-02  -1.27692632E-02   3.40851545E-04
      10      -5       1.40394891E-02  -1.06410526E-02   4.47931601E-04
      10      -4       1.40394891E-02  -8.51284211E-03   5.78886588E-04
      10      -3       1.40394891E-02  -6.38463158E-03   7.33764125E-04
      10      -2       1.40394891E-02  -4.25642106E-03   9.12620488E-04
      10      -1       1.40394891E-02  -2.12821053E-03   1.11552061E-03
      10       0       1.40394891E-02   0.00000000E+00   1.34253808E-03
      10       1       1.40394891E-02   2.12821053E-03   1.34253808E-03
      10       2       1.40394891E-02   4.25642106E-03   1.11552061E-03
      10       3       1.40394891E-02   6.38463158E-03   9.12620488E-04
      10       4       1.40394891E-02   8.51284211E-03   7.33764125E-04
      10       5       1.40394891E-02   1.06410526E-02   5.78886588E-04
      10       6       1.40394891E-02   1.27692632E-02   4.47931601E-04
      10       7       1.40394891E-02   1.48974737E-02   3.40851545E-04
      10       8       1.40394891E-02   1.70256842E-02   2.57607460E-04
      10       9       1.40394891E-02   1.91538948E-02   1.98169044E-04
      10      10       1.40394891E-02   2.12821053E-02   1.80391128E-04
 
      11     -10       1.54434380E-02  -2.12821053E-02   1.32795923E-04
      11      -9       1.54434380E-02  -1.91538948E-02   1.44693638E-04
      11      -8       1.54434380E-02  -1.70256842E-02   1.80391128E-04
      11      -7       1.54434380E-02  -1.48974737E-02   2.39901433E-04
      11      -6       1.54434380E-02  -1.27692632E-02   3.23246282E-04
      11      -5       1.54434380E-02  -1.06410526E-02   4.30456098E-04
      11      -4       1.54434380E-02  -8.51284211E-03   5.61569995E-04
      11      -3       1.54434380E-02  -6.38463158E-03   7.16635779E-04
      11      -2       1.54434380E-02  -4.25642106E-03   8.95709950E-04
      11      -1       1.54434380E-02  -2.12821053E-03   1.09885770E-03
      11       0       1.54434380E-02   0.00000000E+00   1.32615291E-03
      11       1       1.54434380E-02   2.12821053E-03   1.32615291E-03
      11       2       1.54434380E-02   4.25642106E-03   1.09885770E-03
      11       3       1.54434380E-02   6.38463158E-03   8.95709950E-04
      11       4       1.54434380E-02   8.51284211E-03   7.16635779E-04
      11       5       1.54434380E-02   1.06410526E-02   5.61569995E-04
      11       6       1.54434380E-02   1.27692632E-02   4.30456098E-04
      11       7       1.54434380E-02   1.48974737E-02   3.23246282E-04
      11       8       1.54434380E-02   1.70256842E-02   2.39901433E-04
      11       9       1.54434380E-02   1.91538948E-02   1.80391128E-04
      11      10       1.54434380E-02   2.12821053E-02   1.63715635E-04
 
      12     -10       1.68473869E-02  -2.12821053E-02   1.16062885E-04
      12      -9       1.68473869E-02  -1.91538948E-02   1.27974982E-04
      12      -8       1.68473869E-02  -1.70256842E-02   1.63715635E-04
      12      -7       1.68473869E-02  -1.48974737E-02   2.23297935E-04
      12      -6       1.68473869E-02  -1.27692632E-02   3.06743697E-04
      12      -5       1.68473869E-02  -1.06410526E-02   4.14083465E-04
      12      -4       1.68473869E-02  -8.51284211E-03   5.45356508E-04
      12      -3       1.68473869E-02  -6.38463158E-03   7.00610822E-04
      12      -2       1.68473869E-02  -4.25642106E-03   8.79903129E-04
      12      -1       1.68473869E-02  -2.12821053E-03   1.08329888E-03
      12       0       1.68473869E-02   0.00000000E+00   1.31087224E-03
      12       1       1.68473869E-02   2.12821053E-03   1.31087224E-03
      12       2       1.68473869E-02   4.25642106E-03   1.08329888E-03
      12       3       1.68473869E-02   6.38463158E-03   8.79903129E-04
      12       4       1.68473869E-02   8.51284211E-03   7.00610822E-04
      12       5       1.68473869E-02   1.06410526E-02   5.45356508E-04
      12       6       1.68473869E-02   1.27692632E-02   4.14083465E-04
      12       7       1.68473869E-02   1.48974737E-02   3.06743697E-04
      12       8       1.68473869E-02   1.70256842E-02   2.23297935E-04
      12       9       1.68473869E-02   1.91538948E-02   1.63715635E-04
      12      10       1.68473869E-02   2.12821053E-02   1.48146894E-04
 
      13     -10       1.82513358E-02  -2.12821053E-02   1.00436515E-04
      13      -9       1.82513358E-02  -1.91538948E-02   1.12363014E-04
      13      -8       1.82513358E-02  -1.70256842E-02   1.48146894E-04
      13      -7       1.82513358E-02  -1.48974737E-02   2.07801294E-04
      13      -6       1.82513358E-02  -1.27692632E-02   2.91348119E-04
      13      -5       1.82513358E-02  -1.06410526E-02   3.98818031E-04
      13      -4       1.82513358E-02  -8.51284211E-03   5.30250455E-04
      13      -3       1.82513358E-02  -6.38463158E-03   6.85693579E-04
      13      -2       1.82513358E-02  -4.25642106E-03   8.65204348E-04
      13      -1       1.82513358E-02  -2.12821053E-03   1.06884847E-03
      13       0       1.82513358E-02   0.00000000E+00   1.29670042E-03
      13       1       1.82513358E-02   2.12821053E-03   1.29670042E-03
      13       2       1.82513358E-02   4.25642106E-03   1.06884847E-03
      13       3       1.82513358E-02   6.38463158E-03   8.65204348E-04
      13       4       1.82513358E-02   8.51284211E-03   6.85693579E-04
      13       5       1.82513358E-02   1.06410526E-02   5.30250455E-04
      13       6       1.82513358E-02   1.27692632E-02   3.98818031E-04
      13       7       1.82513358E-02   1.48974737E-02   2.91348119E-04
      13       8       1.82513358E-02   1.70256842E-02   2.07801294E-04
      13       9       1.82513358E-02   1.91538948E-02   1.48146894E-04
      13      10       1.82513358E-02   2.12821053E-02   1.33689264E-04
 
      14     -10       1.96552847E-02  -2.12821053E-02   8.59211726E-05
      14      -9       1.96552847E-02  -1.91538948E-02   9.78620959E-05
      14      -8       1.96552847E-02  -1.70256842E-02   1.33689264E-04
      14      -7       1.96552847E-02  -1.48974737E-02   1.93415870E-04
      14      -6       1.96552847E-02  -1.27692632E-02   2.77063904E-04
      14      -5       1.96552847E-02  -1.06410526E-02   3.84664151E-04
      14      -4       1.96552847E-02  -8.51284211E-03   5.16256192E-04
      14      -3       1.96552847E-02  -6.38463158E-03   6.71888404E-04
      14      -2       1.96552847E-02  -4.25642106E-03   8.51617960E-04
      14      -1       1.96552847E-02  -2.12821053E-03   1.05551083E-03
      14       0       1.96552847E-02   0.00000000E+00   1.28364177E-03
      14       1       1.96552847E-02   2.12821053E-03   1.28364177E-03
      14       2       1.96552847E-02   4.25642106E-03   1.05551083E-03
      14       3       1.96552847E-02   6.38463158E-03   8.51617960E-04
      14       4       1.96552847E-02   8.51284211E-03   6.71888404E-04
      14       5       1.96552847E-02   1.06410526E-02   5.16256192E-04
      14       6       1.96552847E-02   1.27692632E-02   3.84664151E-04
      14       7       1.96552847E-02   1.48974737E-02   2.77063904E-04
      14       8       1.96552847E-02   1.70256842E-02   1.93415870E-04
      14       9       1.96552847E-02   1.91538948E-02   1.33689264E-04
      14      10       1.96552847E-02   2.12821053E-02   1.20347135E-04
 
      15     -10       2.10592336E-02  -2.12821053E-02   7.25212479E-05
      15      -9       2.10592336E-02  -1.91538948E-02   8.44766158E-05
      15      -8       2.10592336E-02  -1.70256842E-02   1.20347135E-04
      15      -7       2.10592336E-02  -1.48974737E-02   1.80146052E-04
      15      -6       2.10592336E-02  -1.27692632E-02   2.63895442E-04
      15      -5       2.10592336E-02  -1.06410526E-02   3.71626214E-04
      15      -4       2.10592336E-02  -8.51284211E-03   5.03378105E-04
      15      -3       2.10592336E-02  -6.38463158E-03   6.59199683E-04
      15      -2       2.10592336E-02  -4.25642106E-03   8.39148349E-04
      15      -1       2.10592336E-02  -2.12821053E-03   1.04329033E-03
      15       0       2.10592336E-02   0.00000000E+00   1.27170069E-03
      15       1       2.10592336E-02   2.12821053E-03   1.27170069E-03
      15       2       2.10592336E-02   4.25642106E-03   1.04329033E-03
      15       3       2.10592336E-02   6.38463158E-03   8.39148349E-04
      15       4       2.10592336E-02   8.51284211E-03   6.59199683E-04
      15       5       2.10592336E-02   1.06410526E-02   5.03378105E-04
      15       6       2.10592336E-02   1.27692632E-02   3.71626214E-04
      15       7       2.10592336E-02   1.48974737E-02   2.63895442E-04
      15       8       2.10592336E-02   1.70256842E-02   1.80146052E-04
      15       9       2.10592336E-02   1.91538948E-02   1.20347135E-04
      15      10       2.10592336E-02   2.12821053E-02   1.08124928E-04
 
      16     -10       2.24631825E-02  -2.12821053E-02   6.02411616E-05
      16      -9       2.24631825E-02  -1.91538948E-02   7.22109949E-05
      16      -8       2.24631825E-02  -1.70256842E-02   1.08124928E-04
      16      -7       2.24631825E-02  -1.48974737E-02   1.67996259E-04
      16      -6       2.24631825E-02  -1.27692632E-02   2.51847152E-04
      16      -5       2.24631825E-02  -1.06410526E-02   3.59708637E-04
      16      -4       2.24631825E-02  -8.51284211E-03   4.91620610E-04
      16      -3       2.24631825E-02  -6.38463158E-03   6.47631831E-04
      16      -2       2.24631825E-02  -4.25642106E-03   8.27799929E-04
      16      -1       2.24631825E-02  -2.12821053E-03   1.03219140E-03
      16       0       2.24631825E-02   0.00000000E+00   1.26088159E-03
      16       1       2.24631825E-02   2.12821053E-03   1.26088159E-03
      16       2       2.24631825E-02   4.25642106E-03   1.03219140E-03
      16       3       2.24631825E-02   6.38463158E-03   8.27799929E-04
      16       4       2.24631825E-02   8.51284211E-03   6.47631831E-04
      16       5       2.24631825E-02   1.06410526E-02   4.91620610E-04
      16       6       2.24631825E-02   1.27692632E-02   3.59708637E-04
      16       7       2.24631825E-02   1.48974737E-02   2.51847152E-04
      16       8       2.24631825E-02   1.70256842E-02   1.67996259E-04
      16       9       2.24631825E-02   1.91538948E-02   1.08124928E-04
      16      10       2.24631825E-02   2.12821053E-02   9.70270930E-05
 
      17     -10       2.38671314E-02  -2.12821053E-02   4.90853655E-05
      17      -9       2.38671314E-02  -1.91538948E-02   6.10696848E-05
      17      -8       2.38671314E-02  -1.70256842E-02   9.70270930E-05
      17      -7       2.38671314E-02  -1.48974737E-02   1.56970942E-04
      17      -6       2.38671314E-02  -1.27692632E-02   2.40923483E-04
      17      -5       2.38671314E-02  -1.06410526E-02   3.48915869E-04
      17      -4       2.38671314E-02  -8.51284211E-03   4.80988155E-04
      17      -3       2.38671314E-02  -6.38463158E-03   6.37189295E-04
      17      -2       2.38671314E-02  -4.25642106E-03   8.17577144E-04
      17      -1       2.38671314E-02  -2.12821053E-03   1.02221846E-03
      17       0       2.38671314E-02   0.00000000E+00   1.25118890E-03
      17       1       2.38671314E-02   2.12821053E-03   1.25118890E-03
      17       2       2.38671314E-02   4.25642106E-03   1.02221846E-03
      17       3       2.38671314E-02   6.38463158E-03   8.17577144E-04
      17       4       2.38671314E-02   8.51284211E-03   6.37189295E-04
      17       5       2.38671314E-02   1.06410526E-02   4.80988155E-04
      17       6       2.38671314E-02   1.27692632E-02   3.48915869E-04
      17       7       2.38671314E-02   1.48974737E-02   2.40923483E-04
      17       8       2.38671314E-02   1.70256842E-02   1.56970942E-04
      17       9       2.38671314E-02   1.91538948E-02   9.70270930E-05
      17      10       2.38671314E-02   2.12821053E-02   8.70581137E-05
 
      18     -10       2.52710803E-02  -2.12821053E-02   3.90583427E-05
      18      -9       2.52710803E-02  -1.91538948E-02   5.10571684E-05
      18      -8       2.52710803E-02  -1.70256842E-02   8.70581137E-05
      18      -7       2.52710803E-02  -1.48974737E-02   1.47074583E-04
      18      -6       2.52710803E-02  -1.27692632E-02   2.31128916E-04
      18      -5       2.52710803E-02  -1.06410526E-02   3.39252391E-04
      18      -4       2.52710803E-02  -8.51284211E-03   4.71485219E-04
      18      -3       2.52710803E-02  -6.38463158E-03   6.27876551E-04
      18      -2       2.52710803E-02  -4.25642106E-03   8.08484470E-04
      18      -1       2.52710803E-02  -2.12821053E-03   1.01337600E-03
      18       0       2.52710803E-02   0.00000000E+00   1.24262710E-03
      18       1       2.52710803E-02   2.12821053E-03   1.24262710E-03
      18       2       2.52710803E-02   4.25642106E-03   1.01337600E-03
      18       3       2.52710803E-02   6.38463158E-03   8.08484470E-04
      18       4       2.52710803E-02   8.51284211E-03   6.27876551E-04
      18       5       2.52710803E-02   1.06410526E-02   4.71485219E-04
      18       6       2.52710803E-02   1.27692632E-02   3.39252391E-04
      18       7       2.52710803E-02   1.48974737E-02   2.31128916E-04
      18       8       2.52710803E-02   1.70256842E-02   1.47074583E-04
      18       9       2.52710803E-02   1.91538948E-02   8.70581137E-05
      18      10       2.52710803E-02   2.12821053E-02   7.82225042E-05
 
      19     -10       2.66750292E-02  -2.12821053E-02   3.01646080E-05
      19      -9       2.66750292E-02  -1.91538948E-02   4.21779606E-05
      19      -8       2.66750292E-02  -1.70256842E-02   7.82225042E-05
      19      -7       2.66750292E-02  -1.48974737E-02   1.38311696E-04
      19      -6       2.66750292E-02  -1.27692632E-02   2.22467966E-04
      19      -5       2.66750292E-02  -1.06410526E-02   3.30722715E-04
      19      -4       2.66750292E-02  -8.51284211E-03   4.63116314E-04
      19      -3       2.66750292E-02  -6.38463158E-03   6.19698109E-04
      19      -2       2.66750292E-02  -4.25642106E-03   8.00526415E-04
      19      -1       2.66750292E-02  -2.12821053E-03   1.00566852E-03
      19       0       2.66750292E-02   0.00000000E+00   1.23520068E-03
      19       1       2.66750292E-02   2.12821053E-03   1.23520068E-03
      19       2       2.66750292E-02   4.25642106E-03   1.00566852E-03
      19       3       2.66750292E-02   6.38463158E-03   8.00526415E-04
      19       4       2.66750292E-02   8.51284211E-03   6.19698109E-04
      19       5       2.66750292E-02   1.06410526E-02   4.63116314E-04
      19       6       2.66750292E-02   1.27692632E-02   3.30722715E-04
      19       7       2.66750292E-02   1.48974737E-02   2.22467966E-04
      19       8       2.66750292E-02   1.70256842E-02   1.38311696E-04
      19       9       2.66750292E-02   1.91538948E-02   7.82225042E-05
      19      10       2.66750292E-02   2.12821053E-02   7.05248110E-05
 
      20     -10       2.80789781E-02  -2.12821053E-02   2.24087086E-05
      20      -9       2.80789781E-02  -1.91538948E-02   3.44366083E-05
      20      -8       2.80789781E-02  -1.70256842E-02   7.05248110E-05
      20      -7       2.80789781E-02  -1.48974737E-02   1.30686828E-04
      20      -6       2.80789781E-02  -1.27692632E-02   2.14945177E-04
      20      -5       2.80789781E-02  -1.06410526E-02   3.23331384E-04
      20      -4       2.80789781E-02  -8.51284211E-03   4.55885982E-04
      20      -3       2.80789781E-02  -6.38463158E-03   6.12658511E-04
      20      -2       2.80789781E-02  -4.25642106E-03   7.93707519E-04
      20      -1       2.80789781E-02  -2.12821053E-03   9.99100561E-04
      20       0       2.80789781E-02   0.00000000E+00   1.22891420E-03
      20       1       2.80789781E-02   2.12821053E-03   1.22891420E-03
      20       2       2.80789781E-02   4.25642106E-03   9.99100561E-04
      20       3       2.80789781E-02   6.38463158E-03   7.93707519E-04
      20       4       2.80789781E-02   8.51284211E-03   6.12658511E-04
      20       5       2.80789781E-02   1.06410526E-02   4.55885982E-04
      20       6       2.80789781E-02   1.27692632E-02   3.23331384E-04
      20       7       2.80789781E-02   1.48974737E-02   2.14945177E-04
      20       8       2.80789781E-02   1.70256842E-02   1.30686828E-04
      20       9       2.80789781E-02   1.91538948E-02   7.05248110E-05
      20      10       2.80789781E-02   2.12821053E-02   6.39696132E-05
 
      21     -10       2.94829271E-02  -2.12821053E-02   1.57952239E-05
      21      -9       2.94829271E-02  -1.91538948E-02   2.78376908E-05
      21      -8       2.94829271E-02  -1.70256842E-02   6.39696132E-05
      21      -7       2.94829271E-02  -1.48974737E-02   1.24204556E-04
      21      -6       2.94829271E-02  -1.27692632E-02   2.08565126E-04
      21      -5       2.94829271E-02  -1.06410526E-02   3.17082975E-04
      21      -4       2.94829271E-02  -8.51284211E-03   4.49798798E-04
      21      -3       2.94829271E-02  -6.38463158E-03   6.06762330E-04
      21      -2       2.94829271E-02  -4.25642106E-03   7.88032353E-04
      21      -1       2.94829271E-02  -2.12821053E-03   9.93676690E-04
      21       0       2.94829271E-02   0.00000000E+00   1.22377221E-03
      21       1       2.94829271E-02   2.12821053E-03   1.22377221E-03
      21       2       2.94829271E-02   4.25642106E-03   9.93676690E-04
      21       3       2.94829271E-02   6.38463158E-03   7.88032353E-04
      21       4       2.94829271E-02   8.51284211E-03   6.06762330E-04
      21       5       2.94829271E-02   1.06410526E-02   4.49798798E-04
      21       6       2.94829271E-02   1.27692632E-02   3.17082975E-04
      21       7       2.94829271E-02   1.48974737E-02   2.08565126E-04
      21       8       2.94829271E-02   1.70256842E-02   1.24204556E-04
      21       9       2.94829271E-02   1.91538948E-02   6.39696132E-05
      21      10       2.94829271E-02   2.12821053E-02   5.85615227E-05
 
      22     -10       3.08868760E-02  -2.12821053E-02   1.03287664E-05
      22      -9       3.08868760E-02  -1.91538948E-02   2.23858205E-05
      22      -8       3.08868760E-02  -1.70256842E-02   5.85615227E-05
      22      -7       3.08868760E-02  -1.48974737E-02   1.18869491E-04
      22      -6       3.08868760E-02  -1.27692632E-02   2.03332424E-04
      22      -5       3.08868760E-02  -1.06410526E-02   3.11982098E-04
      22      -4       3.08868760E-02  -8.51284211E-03   4.44859370E-04
      22      -3       3.08868760E-02  -6.38463158E-03   6.02014173E-04
      22      -2       3.08868760E-02  -4.25642106E-03   7.83505522E-04
      22      -1       3.08868760E-02  -2.12821053E-03   9.89401511E-04
      22       0       3.08868760E-02   0.00000000E+00   1.21977931E-03
      22       1       3.08868760E-02   2.12821053E-03   1.21977931E-03
      22       2       3.08868760E-02   4.25642106E-03   9.89401511E-04
      22       3       3.08868760E-02   6.38463158E-03   7.83505522E-04
      22       4       3.08868760E-02   8.51284211E-03   6.02014173E-04
      22       5       3.08868760E-02   1.06410526E-02   4.44859370E-04
      22       6       3.08868760E-02   1.27692632E-02   3.11982098E-04
      22       7       3.08868760E-02   1.48974737E-02   2.03332424E-04
      22       8       3.08868760E-02   1.70256842E-02   1.18869491E-04
      22       9       3.08868760E-02   1.91538948E-02   5.85615227E-05
      22      10       3.08868760E-02   2.12821053E-02   5.43051846E-05
 
      23     -10       3.22908249E-02  -2.12821053E-02   6.01398157E-06
      23      -9       3.22908249E-02  -1.91538948E-02   1.80856429E-05
      23      -8       3.22908249E-02  -1.70256842E-02   5.43051846E-05
      23      -7       3.22908249E-02  -1.48974737E-02   1.14686279E-04
      23      -6       3.22908249E-02  -1.27692632E-02   1.99251715E-04
      23      -5       3.22908249E-02  -1.06410526E-02   3.08033396E-04
      23      -4       3.22908249E-02  -8.51284211E-03   4.41072339E-04
      23      -3       3.22908249E-02  -6.38463158E-03   5.98418679E-04
      23      -2       3.22908249E-02  -4.25642106E-03   7.80131664E-04
      23      -1       3.22908249E-02  -2.12821053E-03   9.86279659E-04
      23       0       3.22908249E-02   0.00000000E+00   1.21694014E-03
      23       1       3.22908249E-02   2.12821053E-03   1.21694014E-03
      23       2       3.22908249E-02   4.25642106E-03   9.86279659E-04
      23       3       3.22908249E-02   6.38463158E-03   7.80131664E-04
      23       4       3.22908249E-02   8.51284211E-03   5.98418679E-04
      23       5       3.22908249E-02   1.06410526E-02   4.41072339E-04
      23       6       3.22908249E-02   1.27692632E-02   3.08033396E-04
      23       7       3.22908249E-02   1.48974737E-02   1.99251715E-04
      23       8       3.22908249E-02   1.70256842E-02   1.14686279E-04
      23       9       3.22908249E-02   1.91538948E-02   5.43051846E-05
      23      10       3.22908249E-02   2.12821053E-02   5.12052777E-05
 
      24     -10       3.36947738E-02  -2.12821053E-02   2.85554878E-06
      24      -9       3.36947738E-02  -1.91538948E-02   1.49418371E-05
      24      -8       3.36947738E-02  -1.70256842E-02   5.12052777E-05
      24      -7       3.36947738E-02  -1.48974737E-02   1.11659598E-04
      24      -6       3.36947738E-02  -1.27692632E-02   1.96327676E-04
      24      -5       3.36947738E-02  -1.06410526E-02   3.05241543E-04
      24      -4       3.36947738E-02  -8.51284211E-03   4.38442381E-04
      24      -3       3.36947738E-02  -6.38463158E-03   5.95980521E-04
      24      -2       3.36947738E-02  -4.25642106E-03   7.77915450E-04
      24      -1       3.36947738E-02  -2.12821053E-03   9.84315803E-04
      24       0       3.36947738E-02   0.00000000E+00   1.21525937E-03
      24       1       3.36947738E-02   2.12821053E-03   1.21525937E-03
      24       2       3.36947738E-02   4.25642106E-03   9.84315803E-04
      24       3       3.36947738E-02   6.38463158E-03   7.77915450E-04
      24       4       3.36947738E-02   8.51284211E-03   5.95980521E-04
      24       5       3.36947738E-02   1.06410526E-02   4.38442381E-04
      24       6       3.36947738E-02   1.27692632E-02   3.05241543E-04
      24       7       3.36947738E-02   1.48974737E-02   1.96327676E-04
      24       8       3.36947738E-02   1.70256842E-02   1.11659598E-04
      24       9       3.36947738E-02   1.91538948E-02   5.12052777E-05
      24      10       3.36947738E-02   2.12821053E-02   4.92665146E-05
 
      25     -10       3.50987227E-02  -2.12821053E-02   1.49418371E-05
      25      -9       3.50987227E-02  -1.91538948E-02   5.12052777E-05
      25      -8       3.50987227E-02  -1.70256842E-02   1.11659598E-04
      25      -7       3.50987227E-02  -1.48974737E-02   1.96327676E-04
      25      -6       3.50987227E-02  -1.27692632E-02   3.05241543E-04
      25      -5       3.50987227E-02  -1.06410526E-02   4.38442381E-04
      25      -4       3.50987227E-02  -8.51284211E-03   5.95980521E-04
      25      -3       3.50987227E-02  -6.38463158E-03   7.77915450E-04
      25      -2       3.50987227E-02  -4.25642106E-03   9.84315803E-04
      25      -1       3.50987227E-02  -2.12821053E-03   1.21525937E-03
      25       0       3.50987227E-02   0.00000000E+00   1.21525937E-03
      25       1       3.50987227E-02   2.12821053E-03   9.84315803E-04
      25       2       3.50987227E-02   4.25642106E-03   7.77915450E-04
      25       3       3.50987227E-02   6.38463158E-03   5.95980521E-04
      25       4       3.50987227E-02   8.51284211E-03   4.38442381E-04
      25       5       3.50987227E-02   1.06410526E-02   3.05241543E-04
      25       6       3.50987227E-02   1.27692632E-02   1.96327676E-04
      25       7       3.50987227E-02   1.48974737E-02   1.11659598E-04
      25       8       3.50987227E-02   1.70256842E-02   5.12052777E-05
      25       9       3.50987227E-02   1.91538948E-02   1.49418371E-05
      25      10       3.50987227E-02   2.12821053E-02   1.29591161E-05
