adjust the phase of the first BPM R:VP605 to the phase from MAD output

                 Horz         Vert         Sync.                           
 Tune           ( .45536 )   ( .404434)   ( 0      ) 2p                    
 Emittance      ( .114   )   ( .1555  )   ( 0      ) p-mm-mr               
 Decay time     ( 0      )   ( 0      )   ( 0      ) turns                 
 Coupling coef. (        )   (        )                                    
                                                                           
*Plot: [Position ] on [GxPB 2]                                             
 Plane: [Vertical  ]                                                       
 Turns from -< 1500>+ for (   39) turns                                    
 From -<R:VP607   >+ for ( 8) BPMs                                         
                                                                           
*Fit TBT phase: from -< 1500>+ for (   30) turns                           
 Reference at turn# ( 1500) with phase (-.01401 )                          
    Average RMS deviation:  .05363 +  .04299                               
                                                                           
BPM           Phase    Ampl.   RMSdev     Beta  bml_psi *Calib Old_Cal     
R:VP223     0.12458  2.10509    0.057   28.498  0.11057                         
R:VP225     0.40418  1.36944    0.034   12.060  0.39017                         
R:VP227    -0.37179  2.25118    0.059   32.590 -0.38580                         
R:VP229    -0.14787  1.88304    0.026   22.803 -0.16188                         
R:VP231     0.11680  1.63411    0.044   17.172  0.10279                         
R:VP301     0.34743  2.17536    0.040   30.432  0.33342                         
R:VP303    -0.43278  2.47587    0.057   39.421 -0.44679                         
R:VP305    -0.18268  2.36311    0.041   35.912 -0.19669                         
R:VP307     0.06747  2.78330    0.185   49.818  0.05346                         
R:VP309     0.31194  1.92806    0.035   23.906  0.29793                         
R:VP311    -0.43425  1.55065    0.040   15.463 -0.44826                         
R:VP313    -0.18957  1.95856    0.033   24.669 -0.20358                         
R:VP315     0.02374  2.15090    0.054   29.752  0.00973                         
R:VP317     0.30031  1.24615    0.030    9.987  0.28630                         
R:VP319    -0.47646  2.58102    0.043   42.840 -0.49047                         
R:VP321    -0.26100  2.10754    0.038   28.564 -0.27501                         
R:VP323    -0.04197  1.88308    0.043   22.804 -0.05598                         
R:VP325     0.26002  1.82111    0.042   21.328  0.24601                         
R:VP327     0.44967  2.68767    0.057   46.454  0.43566                         
R:VP329    -0.32499  1.91532    0.044   23.591 -0.33900                         
R:VP331    -0.08183  2.08742    0.050   28.021 -0.09584                         
R:VP333     0.08841  1.13011    0.426    8.213  0.07440                         
R:VP335     0.37274  1.92955    0.043   23.943  0.35873                         
R:VP337    -0.44673  1.41035    0.190   12.792 -0.46074                         
R:VP339    -0.21842  1.52570    0.043   14.969 -0.23243                         
R:VP341     0.07568  2.13511    0.057   29.316  0.06167                         
R:VP401     0.29187  2.12083    0.035   28.926  0.27786                         
R:VP403     0.49696  2.50623    0.047   40.394  0.48295                         
R:VP405    -0.29521  1.58955    0.030   16.249 -0.30922                         
R:VP407     0.03309  2.00103    0.058   25.750  0.01908                         
R:VP409     0.23682  1.86986    0.036   22.485  0.22281                         
R:VP411     0.46897  2.14742    0.055   29.655  0.45496                         
R:VP413    -0.34357  2.04517    0.035   26.899 -0.35758                         
R:VP415    -0.08424  2.36372    0.070   35.930 -0.09825                         
R:VP417     0.10707  2.21528    0.046   31.559  0.09306                         
R:VP419     0.36151  2.17530    0.048   30.430  0.34750                         
R:VP421    -0.44027  2.36410    0.048   35.942 -0.45428                         
R:VP423    -0.19953  1.86555    0.048   22.381 -0.21354                         
R:VP425     0.01601  2.35163    0.066   35.564  0.00200                         
R:VP427     0.22367  1.85639    0.041   22.162  0.20966                         
R:VP429     0.46692  2.41196    0.054   37.412  0.45291                         
R:VP501    -0.33950  2.00897    0.041   25.955 -0.35351                         
R:VP503    -0.08173  2.15063    0.059   29.744 -0.09574                         
R:VP505     0.10594  2.18712    0.053   30.762  0.09193                         
R:VP507     0.36146  1.85439    0.047   22.114  0.34745                         
R:VP509    -0.43652  2.34534    0.057   35.374 -0.45053                         
R:VP511    -0.20490  1.80970    0.047   21.061 -0.21891                         
R:VP513     0.00918  2.35216    0.065   35.580 -0.00483                         
R:VP515     0.22793  1.92183    0.039   23.752  0.21392                         
R:VP517     0.45043  1.86479    0.057   22.363  0.43642                         
R:VP519    -0.25509  1.59234    0.044   16.306 -0.26910                         
R:VP521    -0.04569  2.54217    0.064   41.560 -0.05970                         
R:VP523     0.14478  2.01441    0.049   26.096  0.13077                         
R:VP525     0.44981  1.65304    0.045   17.573  0.43580                         
R:VP527     0.05546  1.81356    0.032   21.151  0.04145                         
R:VP529     0.31573  2.15252    0.063   29.796  0.30172                         
R:VP531    -0.37053  1.73724    0.028   19.408 -0.38454                         
R:VP601    -0.48982  2.31875    0.091   34.576  0.49617                         
R:VP603    -0.22360  2.04302    0.065   26.842 -0.23761                         
R:VP605     0.02637  2.35994    0.083   35.816  0.01236                         
R:VP607     0.29338  1.95670    0.065   24.622  0.27937                         
R:VP609    -0.44909  2.23552    0.051   32.139 -0.46310                         
R:VP611    -0.14480  1.81735    0.045   21.240 -0.15881                         
R:VP613     0.11026  1.92307    0.043   23.783  0.09625                         
R:VP615     0.42109  1.98614    0.038   25.368  0.40708                         
R:VP617    -0.34908  1.41619    0.030   12.898 -0.36309                         
R:VP619    -0.08582  2.41405    0.062   37.477 -0.09983                         
R:VP621     0.09118  2.45924    0.062   38.893  0.07717                         
R:VP623     0.34132  1.65973    0.041   17.715  0.32731                         
R:VP625    -0.37555  1.84522    0.032   21.896 -0.38956                         
R:VP627    -0.13362  2.09092    0.061   28.115 -0.14763                         
R:VP629     0.04634  2.23474    0.051   32.116  0.03233                         
R:VP631     0.29079  1.94608    0.042   24.355  0.27678                         
R:VP633     0.09662  2.31900    0.060   34.584  0.08261                         
R:VP635     0.31513  1.83511    0.032   21.657  0.30112                         
R:VP637    -0.45108  2.28661    0.050   33.624 -0.46509                         
R:VP639    -0.26598  1.71916    0.038   19.007 -0.27999                         
R:VP641     0.06703  2.09041    0.052   28.102  0.05302                         
R:VP101     0.24269  2.26698    0.031   33.049  0.22868                         
R:VP103     0.48748  2.29765    0.064   33.950  0.47347                         
R:VP105    -0.32613  1.80823    0.037   21.027 -0.34014                         
R:VP107     0.01532  2.12515    0.049   29.043  0.00131                         
R:VP109     0.19343  1.95164    0.041   24.495  0.17942                         
R:VP111     0.44255  2.09955    0.052   28.348  0.42854                         
R:VP113    -0.35613  2.09935    0.053   28.343 -0.37014                         
R:VP115    -0.12290  1.99146    0.034   25.504 -0.13691                         
R:VP117     0.09126  2.19669    0.044   31.032  0.07725                         
R:VP119     0.30782  2.04567    0.046   26.912  0.29381                         
R:VP121    -0.45300  2.35209    0.061   35.578 -0.46701                         
R:VP123    -0.25131  2.05679    0.039   27.205 -0.26532                         
R:VP125    -0.01171  2.15856    0.044   29.964 -0.02572                         
R:VP127     0.19086  2.19863    0.039   31.087  0.17685                         
R:VP129     0.43047  1.99057    0.043   25.481  0.41646                         
R:VP201    -0.36751  2.19800    0.048   31.069 -0.38152                         
R:VP203    -0.12615  2.01359    0.047   26.074 -0.14016                         
R:VP205     0.09202  2.26665    0.055   33.040  0.07801                         
R:VP207     0.31027  1.88514    0.028   22.854  0.29626                         
R:VP209    -0.46293  1.99691    0.050   25.644 -0.47694                         
R:VP211    -0.25250  1.98108    0.045   25.239 -0.26651                         
R:VP213    -0.01970  1.97143    0.038   24.994 -0.03371                         
R:VP215     0.20141  2.11834    0.049   28.858  0.18740                         
R:VP217     0.40961  1.59274    0.034   16.314  0.39560                         
R:VP219    -0.28784  1.92086    0.049   23.728 -0.30185                         
R:VP221    -0.07982  2.13627    0.046   29.348 -0.09383                         
