adjust the phase of the first BPM R:HP606 to the same as the value    from MAD output

                 Horz         Vert         Sync.                           
 Tune           ( .452444)   ( .404434)   ( 0      ) 2p                    
 Emittance      ( .114   )   ( .1555  )   ( 0      ) p-mm-mr               
 Decay time     ( 0      )   ( 0      )   ( 0      ) turns                 
 Coupling coef. (        )   (        )                                    
                                                                           
*Plot: [Position ] on [GxPB 2]                                             
 Plane: [Horizontal]                                                       
 Turns from -< 1500>+ for (   39) turns                                    
 From -<R:HP606   >+ for ( 8) BPMs                                         
                                                                           
*Fit TBT phase: from -< 1500>+ for (   30) turns                           
 Reference at turn# ( 1500) with phase (-.37503 )                          
    Average RMS deviation:  .14409 +  .05296                               
                                                                           
BPM           Phase    Ampl.   RMSdev     Beta  bml_psi *Calib Old_Cal     
R:HP222    -0.27314  0.46085    0.078    1.863  0.35183                         
R:HP224    -0.05939  0.28277    0.143    0.701 -0.43442                         
R:HP226     0.23140  0.31712    0.075    0.882 -0.14363                         
R:HP228     0.45521  0.31965    0.155    0.896  0.08018                         
R:HP230    -0.32767  0.36294    0.081    1.155  0.29730                         
R:HP232    -0.00645  0.32928    0.180    0.951 -0.38148                         
R:HP302     0.20167  0.42210    0.074    1.563 -0.17336                         
R:HP304    -0.49526  0.37469    0.166    1.232  0.12971                         
R:HP306    -0.26772  0.43417    0.075    1.654  0.35725                         
R:HP308     0.01316  0.36895    0.148    1.194 -0.36187                         
R:HP310     0.20125  0.33478    0.061    0.983 -0.17378                         
R:HP312    -0.48369  0.27910    0.111    0.683  0.14128                         
R:HP314    -0.27402  0.38556    0.082    1.304  0.35095                         
R:HP316    -0.05659  0.31741    0.151    0.884 -0.43162                         
R:HP318     0.24275  0.31873    0.063    0.891 -0.13228                         
R:HP320     0.47517  0.40334    0.142    1.427  0.10014                         
R:HP322    -0.29943  0.41886    0.056    1.539  0.32554                         
R:HP324    -0.07429  0.25269    0.100    0.560 -0.44932                         
R:HP326     0.18623  0.34674    0.075    1.055 -0.18880                         
R:HP328     0.46508  0.45997    0.189    1.856  0.09005                         
R:HP330    -0.34129  0.38993    0.061    1.334  0.28368                         
R:HP332    -0.18756  0.17647    0.276    0.273  0.43741                         
R:HP334     0.17103  0.36267    0.089    1.154 -0.20400                         
R:HP336     0.41391  0.33759    0.156    1.000  0.03888                         
R:HP338    -0.35140  0.37115    0.098    1.208  0.27357                         
R:HP340    -0.10673  0.24988    0.093    0.548 -0.48176                         
R:HP400     0.13538  0.34488    0.082    1.043 -0.23965                         
R:HP402     0.36485  0.41828    0.215    1.535 -0.01018                         
R:HP404    -0.36666  0.42114    0.062    1.556  0.25831                         
R:HP406    -0.18103  0.20905    0.150    0.383  0.44394                         
R:HP408     0.13147  0.35043    0.082    1.077 -0.24356                         
R:HP410     0.31334  0.29516    0.226    0.764 -0.06169                         
R:HP412    -0.38851  0.36249    0.101    1.153  0.23646                         
R:HP414    -0.20142  0.30236    0.206    0.802  0.42355                         
R:HP416     0.08952  0.33884    0.110    1.007 -0.28551                         
R:HP418     0.26609  0.30593    0.231    0.821 -0.10894                         
R:HP420    -0.42805  0.35043    0.108    1.077  0.19692                         
R:HP422    -0.24452  0.34279    0.188    1.031  0.38045                         
R:HP424     0.05387  0.33602    0.111    0.990 -0.32116                         
R:HP426     0.23841  0.29305    0.236    0.753 -0.13662                         
R:HP428    -0.45617  0.31832    0.118    0.889  0.16880                         
R:HP430    -0.25142  0.35919    0.200    1.132  0.37355                         
R:HP502     0.02749  0.30652    0.128    0.824 -0.34754                         
R:HP504     0.20695  0.38585    0.156    1.306 -0.16808                         
R:HP506     0.49776  0.30868    0.157    0.836  0.12273                         
R:HP508    -0.31849  0.36243    0.217    1.152  0.30648                         
R:HP510     0.00250  0.27202    0.172    0.649 -0.37253                         
R:HP512     0.18036  0.38339    0.202    1.289 -0.19467                         
R:HP514     0.46977  0.29159    0.172    0.746  0.09474                         
R:HP516    -0.33433  0.40706    0.179    1.453  0.29064                         
R:HP518    -0.07093  0.23133    0.161    0.469 -0.44596                         
R:HP520     0.16353  0.40116    0.184    1.412 -0.21150                         
R:HP522     0.46028  0.35173    0.293    1.085  0.08525                         
R:HP524    -0.37555  0.40527    0.107    1.441  0.24942                         
R:HP526    -0.03614  0.20626    0.163    0.373 -0.41117                         
R:HP528    -0.40549  0.41332    0.152    1.499  0.21948                         
R:HP530    -0.16522  0.26688    0.229    0.625  0.45975                         
R:HP532     0.10640  0.42909    0.144    1.615 -0.26863                         
R:HP602    -0.03843  0.33536    0.181    0.987 -0.41346                         
R:HP604     0.18023  0.42196    0.169    1.562 -0.19480                         
R:HP606     0.49119  0.29764    0.177    0.777  0.11616                         
R:HP608    -0.29139  0.40399    0.195    1.432  0.33358                         
R:HP610    -0.02229  0.26858    0.181    0.633 -0.39732                         
R:HP612     0.20545  0.32155    0.171    0.907 -0.16958                         
R:HP614    -0.46571  0.37395    0.153    1.227  0.15926                         
R:HP616    -0.32193  0.37423    0.155    1.228  0.30304                         
R:HP618     0.01355  0.24560    0.120    0.529 -0.36148                         
R:HP620     0.17649  0.41194    0.178    1.489 -0.19854                         
R:HP622     0.47029  0.30658    0.178    0.824  0.09526                         
R:HP624    -0.32524  0.32934    0.103    0.951  0.29973                         
R:HP626    -0.05277  0.22447    0.226    0.442 -0.42780                         
R:HP628     0.16116  0.39987    0.116    1.403 -0.21387                         
R:HP630     0.41238  0.24021    0.247    0.506  0.03735                         
R:HP632    -0.33986  0.41815    0.067    1.534  0.28511                         
R:HP634     0.46422  0.27974    0.185    0.686  0.08919                         
R:HP636    -0.29834  0.38581    0.074    1.306  0.32663                         
R:HP638    -0.07939  0.26754    0.200    0.628 -0.45442                         
R:HP640     0.17397  0.31430    0.060    0.867 -0.20106                         
R:HP100     0.42825  0.24845    0.205    0.541  0.05322                         
R:HP102    -0.29672  0.46622    0.145    1.907  0.32825                         
R:HP104    -0.10002  0.33468    0.241    0.983 -0.47505                         
R:HP106     0.17167  0.30766    0.075    0.830 -0.20336                         
R:HP108     0.38313  0.28458    0.177    0.710  0.00810                         
R:HP110    -0.33734  0.37733    0.100    1.249  0.28763                         
R:HP112    -0.14361  0.30908    0.164    0.838  0.48136                         
R:HP114     0.14849  0.33900    0.127    1.008 -0.22654                         
R:HP116     0.34283  0.32157    0.163    0.907 -0.03220                         
R:HP118    -0.37907  0.37105    0.148    1.208  0.24590                         
R:HP120    -0.16277  0.32153    0.118    0.907  0.46220                         
R:HP122     0.09695  0.34232    0.147    1.028 -0.27808                         
R:HP124     0.28976  0.32039    0.142    0.900 -0.08527                         
R:HP126    -0.41047  0.31961    0.156    0.896  0.21450                         
R:HP128    -0.21330  0.35169    0.139    1.085  0.41167                         
R:HP130     0.09043  0.33330    0.177    0.974 -0.28460                         
R:HP202     0.28836  0.36297    0.104    1.156 -0.08667                         
R:HP204    -0.43051  0.30569    0.175    0.820  0.19446                         
R:HP206    -0.22394  0.40238    0.105    1.420  0.40103                         
R:HP208     0.05149  0.30124    0.140    0.796 -0.32354                         
R:HP210     0.26215  0.38164    0.068    1.278 -0.11288                         
R:HP212    -0.47706  0.33868    0.156    1.006  0.14791                         
R:HP214    -0.25086  0.37516    0.075    1.235  0.37411                         
R:HP216     0.00968  0.32100    0.177    0.904 -0.36535                         
R:HP218     0.23333  0.30062    0.079    0.793 -0.14170                         
R:HP220    -0.49655  0.31258    0.128    0.857  0.12842                         
