Horizontal to Vertical Imaginary Potential
1.	0	0	0	0	0	0	0	0	0	0	0	0	0	0	0	0	0	0	0	0	0
0	1.	-0.5	0.33333333333333	-0.25	0.2	-0.16666666666667	0.14285714285714	-0.125	0.11111111111111	-0.1	0.090909090909091	-0.083333333333333	0.076923076923077	-0.071428571428571	0.066666666666667	-0.0625	0.058823529411765	-0.055555555555556	0.052631578947368	-0.05	0.047619047619048
0	0	1.	-0.33333333333333	0.25	-0.2	0.16666666666667	-0.14285714285714	0.125	-0.11111111111111	0.1	-0.090909090909091	0.083333333333333	-0.076923076923077	0.071428571428571	-0.066666666666667	0.0625	-0.058823529411765	0.055555555555556	-0.052631578947368	0.05	-0.047619047619048
0	0	0	1.	-0.5	0.35	-0.275	0.22857142857143	-0.19642857142857	0.17261904761905	-0.15416666666667	0.13939393939394	-0.12727272727273	0.11713286713287	-0.10851648351648	0.1010989010989	-0.094642857142857	0.088970588235294	-0.083946078431373	0.079463364293086	-0.075438596491228	0.071804511278195
0	0	0	0	1.	-0.4	0.3	-0.24285714285714	0.20535714285714	-0.17857142857143	0.15833333333333	-0.14242424242424	0.12954545454545	-0.11888111888112	0.10989010989011	-0.1021978021978	0.095535714285714	-0.089705882352941	0.084558823529412	-0.079979360165119	0.075877192982456	-0.07218045112782
0	0	0	0	0	1.	-0.5	0.35714285714286	-0.28571428571429	0.24107142857143	-0.20982142857143	0.18641774891775	-0.16808712121212	0.1532634032634	-0.14098401598402	0.13061938061938	-0.12173763736264	0.11403118939884	-0.10727415966387	0.10129643962848	-0.095967169762642	0.091183841957836
0	0	0	0	0	0	1.	-0.42857142857143	0.32142857142857	-0.26190476190476	0.22321428571429	-0.19561688311688	0.17471590909091	-0.15821678321678	0.14479270729271	-0.13361638361638	0.12414148351648	-0.11599062702004	0.10889355742297	-0.10265092879257	0.097112035603715	-0.092160548429898
0	0	0	0	0	0	0	1.	-0.5	0.36111111111111	-0.29166666666667	0.24810606060606	-0.21748737373737	0.19445658508159	-0.17633668414918	0.16161616161616	-0.14936625874126	0.13897958658988	-0.13003943564605	0.12224884893229	-0.11538957688338	0.1092970631235
0	0	0	0	0	0	0	0	1.	-0.44444444444444	0.33333333333333	-0.27272727272727	0.23358585858586	-0.20571095571096	0.18458624708625	-0.16788073038073	0.15425590034965	-0.14288101604278	0.13320921317245	-0.12486355878384	0.11757449690402	-0.11114336085311
0	0	0	0	0	0	0	0	0	1.	-0.5	0.36363636363636	-0.29545454545455	0.25262237762238	-0.22246503496503	0.19973776223776	-0.18181818181818	0.16722638574661	-0.15505370089469	0.14470631197363	-0.13577707303822	0.12797596898071
0	0	0	0	0	0	0	0	0	0	1.	-0.45454545454545	0.34090909090909	-0.27972027972028	0.24038461538462	-0.21241258741259	0.19121503496503	-0.17443953105718	0.16074114304813	-0.14928769228063	0.1395326175131	-0.13109985264349
0	0	0	0	0	0	0	0	0	0	0	1.	-0.5	0.36538461538462	-0.29807692307692	0.25576923076923	-0.22596153846154	0.20347850678733	-0.18573246606335	0.17126380537033	-0.15917694317099	0.14888705830257
0	0	0	0	0	0	0	0	0	0	0	0	1.	-0.46153846153846	0.34615384615385	-0.28461538461538	0.24519230769231	-0.21719457013575	0.19598416289593	-0.17919445105978	0.16547634109312	-0.15399685937128
0	0	0	0	0	0	0	0	0	0	0	0	0	1.	-0.5	0.36666666666667	-0.3	0.25808823529412	-0.22855392156863	0.2062693498452	-0.18867066563467	0.17431227425181
0	0	0	0	0	0	0	0	0	0	0	0	0	0	1.	-0.46666666666667	0.35	-0.28823529411765	0.24877450980392	-0.22078173374613	0.19958397832817	-0.1828044375645
0	0	0	0	0	0	0	0	0	0	0	0	0	0	0	1.	-0.5	0.36764705882353	-0.30147058823529	0.25986842105263	-0.23055340557276	0.20843238611234
0	0	0	0	0	0	0	0	0	0	0	0	0	0	0	0	1.	-0.47058823529412	0.35294117647059	-0.29102167182663	0.2515479876161	-0.22357363998231
0	0	0	0	0	0	0	0	0	0	0	0	0	0	0	0	0	1.	-0.5	0.36842105263158	-0.30263157894737	0.26127819548872
0	0	0	0	0	0	0	0	0	0	0	0	0	0	0	0	0	0	1.	-0.47368421052632	0.35526315789474	-0.29323308270677
0	0	0	0	0	0	0	0	0	0	0	0	0	0	0	0	0	0	0	1.	-0.5	0.36904761904762
0	0	0	0	0	0	0	0	0	0	0	0	0	0	0	0	0	0	0	0	1.	-0.47619047619048
0	0	0	0	0	0	0	0	0	0	0	0	0	0	0	0	0	0	0	0	0	1.
Vertical to Horizontal Imaginary Potential
1.	0	0	0	0	0	0	0	0	0	0	0	0	0	0	0	0	0	0	0	0	0
0	1.	0.5	-0.16666666666667	0.041666666666667	-0.025	0.0125	-0.0089285714285714	0.0055803571428571	-0.0043402777777778	0.0030381944444444	-0.0024857954545455	0.0018643465909091	-0.0015775240384615	0.0012394831730769	-0.00107421875	0.000872802734375	-0.00077012005974265	0.00064176671645221	-0.00057421232524671	0.0004880804764597	-0.00044159662155878
0	0	1.	0.33333333333333	-0.083333333333333	0.05	-0.025	0.017857142857143	-0.011160714285714	0.0086805555555556	-0.0060763888888889	0.0049715909090909	-0.0037286931818182	0.0031550480769231	-0.0024789663461538	0.0021484375	-0.00174560546875	0.0015402401194853	-0.0012835334329044	0.0011484246504934	-0.00097616095291941	0.00088319324311756
0	0	0	1.	0.5	-0.15	0.05	-0.032142857142857	0.01875	-0.014136904761905	0.009672619047619	-0.0078125	0.0058001893939394	-0.0048759833916084	0.0038106424825175	-0.0032902644230769	0.0026648888221154	-0.0023459041819853	0.0019509708180147	-0.0017429032931018	0.0014794411674003	-0.0013370944145031
0	0	0	0	1.	0.4	-0.1	0.057142857142857	-0.030357142857143	0.021825396825397	-0.014384920634921	0.011363636363636	-0.0082859848484848	0.0068837412587413	-0.0053267045454545	0.0045673076923077	-0.0036771334134615	0.00322265625	-0.0026697495404412	0.0023779145704334	-0.0020131208579238	0.001815604685542
0	0	0	0	0	1.	0.5	-0.14285714285714	0.053571428571429	-0.034722222222222	0.021329365079365	-0.016233766233766	0.011498917748918	-0.0093786421911422	0.0071478001165501	-0.0060642482517483	0.0048384232954545	-0.0042122543127828	0.0034693377050339	-0.0030763230456656	0.002594088622291	-0.0023322349344754
0	0	0	0	0	0	1.	0.42857142857143	-0.10714285714286	0.05952380952381	-0.032738095238095	0.023538961038961	-0.015963203463203	0.012674825174825	-0.009451486013986	0.0078999125874126	-0.0062240493881119	0.0053688843325792	-0.0043867982890271	0.0038661897736068	-0.0032426107778638	0.0029029086963733
0	0	0	0	0	0	0	1.	0.5	-0.13888888888889	0.055555555555556	-0.035984848484848	0.022727272727273	-0.01733682983683	0.012529137529138	-0.010257624320124	0.0079439223970474	-0.0067684498406006	0.00547212438297	-0.0047842608545189	0.0039845098907478	-0.003547471620227
0	0	0	0	0	0	0	0	1.	0.44444444444444	-0.11111111111111	0.060606060606061	-0.034090909090909	0.024475524475524	-0.016899766899767	0.013442113442113	-0.010169604700855	0.0085240127519539	-0.0067966500411353	0.0058812366039533	-0.0048543226437842	0.0042918071833997
0	0	0	0	0	0	0	0	0	1.	0.5	-0.13636363636364	0.056818181818182	-0.036713286713287	0.023601398601399	-0.018006993006993	0.013188374125874	-0.010814415364048	0.0084676123508844	-0.0072304400804304	0.0059002545079727	-0.0051710334943694
0	0	0	0	0	0	0	0	0	0	1.	0.45454545454545	-0.11363636363636	0.061188811188811	-0.034965034965035	0.025058275058275	-0.017518939393939	0.013941022213081	-0.010655015939942	0.0089429605804412	-0.0071924042723917	0.0062345994192211
0	0	0	0	0	0	0	0	0	0	0	1.	0.5	-0.13461538461538	0.057692307692308	-0.037179487179487	0.024198717948718	-0.018453054298643	0.01364536199095	-0.011195932067159	0.0088372045427483	-0.0075548232324306
0	0	0	0	0	0	0	0	0	0	0	0	1.	0.46153846153846	-0.11538461538462	0.061538461538462	-0.035576923076923	0.025452488687783	-0.01795814479638	0.014289116456299	-0.011004294177185	0.0092419432347838
0	0	0	0	0	0	0	0	0	0	0	0	0	1.	0.5	-0.13333333333333	0.058333333333333	-0.0375	0.024632352941176	-0.018769349845201	0.013980263157895	-0.011472269828984
0	0	0	0	0	0	0	0	0	0	0	0	0	0	1.	0.46666666666667	-0.11666666666667	0.061764705882353	-0.036029411764706	0.025735294117647	-0.01828560371517	0.014544633642931
0	0	0	0	0	0	0	0	0	0	0	0	0	0	0	1.	0.5	-0.13235294117647	0.058823529411765	-0.037732198142415	0.024961300309598	-0.019004312251216
0	0	0	0	0	0	0	0	0	0	0	0	0	0	0	0	1.	0.47058823529412	-0.11764705882353	0.061919504643963	-0.036377708978328	0.025947220993661
0	0	0	0	0	0	0	0	0	0	0	0	0	0	0	0	0	1.	0.5	-0.13157894736842	0.059210526315789	-0.037907268170426
0	0	0	0	0	0	0	0	0	0	0	0	0	0	0	0	0	0	1.	0.47368421052632	-0.11842105263158	0.06203007518797
0	0	0	0	0	0	0	0	0	0	0	0	0	0	0	0	0	0	0	1.	0.5	-0.13095238095238
0	0	0	0	0	0	0	0	0	0	0	0	0	0	0	0	0	0	0	0	1.	0.47619047619048
0	0	0	0	0	0	0	0	0	0	0	0	0	0	0	0	0	0	0	0	0	1.
Horizontal to Vertical Real Potential
1.	-1.	1.	-1.	1.	-1.	1.	-1.	1.	-1.	1.	-1.	1.	-1.	1.	-1.	1.	-1.	1.	-1.	1.	-1.
0	1.	-0.5	0.5	-0.5	0.5	-0.5	0.5	-0.5	0.5	-0.5	0.5	-0.5	0.5	-0.5	0.5	-0.5	0.5	-0.5	0.5	-0.5	0.5
0	0	1.	-0.66666666666667	0.58333333333333	-0.55	0.53333333333333	-0.52380952380952	0.51785714285714	-0.51388888888889	0.51111111111111	-0.50909090909091	0.50757575757576	-0.50641025641026	0.50549450549451	-0.5047619047619	0.50416666666667	-0.50367647058824	0.50326797385621	-0.50292397660819	0.50263157894737	-0.50238095238095
0	0	0	1.	-0.5	0.45	-0.425	0.41071428571429	-0.40178571428571	0.39583333333333	-0.39166666666667	0.38863636363636	-0.38636363636364	0.38461538461538	-0.38324175824176	0.38214285714286	-0.38125	0.38051470588235	-0.37990196078431	0.37938596491228	-0.37894736842105	0.37857142857143
0	0	0	0	1.	-0.6	0.5	-0.45714285714286	0.43392857142857	-0.41964285714286	0.41011904761905	-0.40340909090909	0.39848484848485	-0.39475524475524	0.39185814185814	-0.38956043956044	0.38770604395604	-0.38618697478992	0.38492647058824	-0.38386867905057	0.38297213622291	-0.38220551378446
0	0	0	0	0	1.	-0.5	0.42857142857143	-0.39285714285714	0.37202380952381	-0.35863095238095	0.34943181818182	-0.34280303030303	0.33784965034965	-0.33404095904096	0.33104395604396	-0.32864010989011	0.32668067226891	-0.3250612745098	0.32370678534572	-0.32256191950464	0.32158521303258
0	0	0	0	0	0	1.	-0.57142857142857	0.46428571428571	-0.41666666666667	0.38988095238095	-0.3728354978355	0.36113365800866	-0.35267336829837	0.34632034632035	-0.34140859140859	0.33752185314685	-0.33438712023271	0.33181830424477	-0.3296845053811	0.32789118937049	-0.32636854083739
0	0	0	0	0	0	0	1.	-0.5	0.41666666666667	-0.375	0.35037878787879	-0.3342803030303	0.32302593240093	-0.31477636946387	0.3085118006993	-0.30362215909091	0.29972072963801	-0.29655095211161	0.29393624226006	-0.29175132223942	0.2899050245098
0	0	0	0	0	0	0	0	1.	-0.55555555555556	0.44444444444444	-0.39393939393939	0.36489898989899	-0.34605672105672	0.33289627039627	-0.32323232323232	0.31587206196581	-0.31010740178939	0.30549110305544	-0.30172682897383	0.29861059428832	-0.29599753826969
0	0	0	0	0	0	0	0	0	1.	-0.5	0.40909090909091	-0.36363636363636	0.33653846153846	-0.31861888111888	0.30594405594406	-0.2965472027972	0.28933405748663	-0.2836466153332	0.2790652350262	-0.27530969055132	0.27218580688854
0	0	0	0	0	0	0	0	0	0	1.	-0.54545454545455	0.43181818181818	-0.37937062937063	0.34877622377622	-0.32867132867133	0.31446678321678	-0.30392585355821	0.29581930018511	-0.28941262394726	0.28423892948673	-0.27998691094606
0	0	0	0	0	0	0	0	0	0	0	1.	-0.5	0.40384615384615	-0.35576923076923	0.32692307692308	-0.30769230769231	0.29397624434389	-0.28372454751131	0.27579390182186	-0.26949450389974	0.26438470283103
0	0	0	0	0	0	0	0	0	0	0	0	1.	-0.53846153846154	0.42307692307692	-0.36923076923077	0.3375	-0.3164592760181	0.30147058823529	-0.29026256251488	0.28158136609907	-0.27467458769945
0	0	0	0	0	0	0	0	0	0	0	0	0	1.	-0.5	0.4	-0.35	0.31985294117647	-0.29963235294118	0.28511996904025	-0.27420665634675	0.26571449303406
0	0	0	0	0	0	0	0	0	0	0	0	0	0	1.	-0.53333333333333	0.41666666666667	-0.36176470588235	0.32916666666667	-0.30740454076367	0.29180534055728	-0.28007288441692
0	0	0	0	0	0	0	0	0	0	0	0	0	0	0	1.	-0.5	0.39705882352941	-0.34558823529412	0.31443498452012	-0.29344040247678	0.27829914860681
0	0	0	0	0	0	0	0	0	0	0	0	0	0	0	0	1.	-0.52941176470588	0.41176470588235	-0.35603715170279	0.32275541795666	-0.30042016806723
0	0	0	0	0	0	0	0	0	0	0	0	0	0	0	0	0	1.	-0.5	0.39473684210526	-0.34210526315789	0.31015037593985
0	0	0	0	0	0	0	0	0	0	0	0	0	0	0	0	0	0	1.	-0.52631578947368	0.40789473684211	-0.3515037593985
0	0	0	0	0	0	0	0	0	0	0	0	0	0	0	0	0	0	0	1.	-0.5	0.39285714285714
0	0	0	0	0	0	0	0	0	0	0	0	0	0	0	0	0	0	0	0	1.	-0.52380952380952
0	0	0	0	0	0	0	0	0	0	0	0	0	0	0	0	0	0	0	0	0	1.
Vertical to Horizontal Real Potential
1.	1.	-0.5	0.16666666666667	-0.125	0.075	-0.0625	0.044642857142857	-0.0390625	0.030381944444444	-0.02734375	0.022372159090909	-0.0205078125	0.017352764423077	-0.01611328125	0.01396484375	-0.013092041015625	0.01155180089614	-0.010910034179688	0.0097616095291941	-0.0092735290527344	0.0083903358096168
0	1.	0.5	-0.16666666666667	0.125	-0.075	0.0625	-0.044642857142857	0.0390625	-0.030381944444444	0.02734375	-0.022372159090909	0.0205078125	-0.017352764423077	0.01611328125	-0.01396484375	0.013092041015625	-0.01155180089614	0.010910034179688	-0.0097616095291941	0.0092735290527344	-0.0083903358096168
0	0	1.	0.66666666666667	-0.25	0.1	-0.075	0.05	-0.042410714285714	0.032242063492063	-0.028645833333333	0.023200757575758	-0.021129261363636	0.017782998251748	-0.016451322115385	0.014212740384615	-0.01329345703125	0.011705824908088	-0.011038387522978	0.0098629411160023	-0.0093596609015214	0.0084600615919682
0	0	0	1.	0.5	-0.15	0.1	-0.060714285714286	0.049107142857143	-0.035962301587302	0.03125	-0.024857954545455	0.022372159090909	-0.018643465909091	0.017127403846154	-0.014708533653846	0.0136962890625	-0.012013872931985	0.011295094209559	-0.010065604289619	0.0095319245990954	-0.008599513156671
0	0	0	0	1.	0.6	-0.2	0.085714285714286	-0.0625	0.04265873015873	-0.035714285714286	0.027597402597403	-0.02438446969697	0.02001384032634	-0.018192744755245	0.015482954545455	-0.014321664663462	0.012489615738122	-0.011690027573529	0.010376354489164	-0.0097953867247968	0.0088123094889683
0	0	0	0	0	1.	0.5	-0.14285714285714	0.089285714285714	-0.054563492063492	0.043154761904762	-0.031926406926407	0.027462121212121	-0.022053467365967	0.019749781468531	-0.016597465034965	0.015211838942308	-0.013160394867081	0.012242934283088	-0.010808702592879	0.010160180437307	-0.0091056885593464
0	0	0	0	0	0	1.	0.57142857142857	-0.17857142857143	0.079365079365079	-0.056547619047619	0.038961038961039	-0.03219696969697	0.025058275058275	-0.021980623543124	0.018157536907537	-0.016437663898601	0.01407117698478	-0.012985850890837	0.011384313973565	-0.010642414860681	0.0094910702767949
0	0	0	0	0	0	0	1.	0.5	-0.13888888888889	0.083333333333333	-0.051136363636364	0.039772727272727	-0.029574592074592	0.025203962703963	-0.020339209401709	0.018113527097902	-0.015292462592555	0.013967936934389	-0.012135806609461	0.011265993856424	-0.0099851823953266
0	0	0	0	0	0	0	0	1.	0.55555555555556	-0.16666666666667	0.075757575757576	-0.053030303030303	0.036713286713287	-0.030011655011655	0.023445998445998	-0.020427229020979	0.016935224701769	-0.01526426239202	0.013111676684384	-0.012065744820195	0.010611959232073
0	0	0	0	0	0	0	0	0	1.	0.5	-0.13636363636364	0.079545454545455	-0.048951048951049	0.037587412587413	-0.028030303030303	0.023699737762238	-0.019179028691896	0.016991625102838	-0.014384808544783	0.013092658780364	-0.011405632913591
0	0	0	0	0	0	0	0	0	0	1.	0.54545454545455	-0.15909090909091	0.073426573426573	-0.050699300699301	0.035198135198135	-0.028518356643357	0.022328774167009	-0.019338428116002	0.016067644623179	-0.014422844352822	0.012415818427573
0	0	0	0	0	0	0	0	0	0	0	1.	0.5	-0.13461538461538	0.076923076923077	-0.047435897435897	0.036057692307692	-0.02693721719457	0.02262443438914	-0.018340490295308	0.016173400660872	-0.013716118722286
0	0	0	0	0	0	0	0	0	0	0	0	1.	0.53846153846154	-0.15384615384615	0.071794871794872	-0.049038461538462	0.034106334841629	-0.027432126696833	0.021508097165992	-0.018532128185282	0.015419319296545
0	0	0	0	0	0	0	0	0	0	0	0	0	1.	0.5	-0.13333333333333	0.075	-0.046323529411765	0.034926470588235	-0.026122291021672	0.021816950464396	-0.017705684247383
0	0	0	0	0	0	0	0	0	0	0	0	0	0	1.	0.53333333333333	-0.15	0.070588235294118	-0.047794117647059	0.03328173374613	-0.026606037151703	0.020879404393336
0	0	0	0	0	0	0	0	0	0	0	0	0	0	0	1.	0.5	-0.13235294117647	0.073529411764706	-0.04547213622291	0.03405572755418	-0.025491117499631
0	0	0	0	0	0	0	0	0	0	0	0	0	0	0	0	1.	0.52941176470588	-0.14705882352941	0.069659442724458	-0.046826625386997	0.032636738906089
0	0	0	0	0	0	0	0	0	0	0	0	0	0	0	0	0	1.	0.5	-0.13157894736842	0.072368421052632	-0.044799498746867
0	0	0	0	0	0	0	0	0	0	0	0	0	0	0	0	0	0	1.	0.52631578947368	-0.14473684210526	0.068922305764411
0	0	0	0	0	0	0	0	0	0	0	0	0	0	0	0	0	0	0	1.	0.5	-0.13095238095238
0	0	0	0	0	0	0	0	0	0	0	0	0	0	0	0	0	0	0	0	1.	0.52380952380952
0	0	0	0	0	0	0	0	0	0	0	0	0	0	0	0	0	0	0	0	0	1.