1.,-0.01,0.01


0,1.,0.83333333333333,0.066666666666667,-0.0055555555555556
1.,1.3333333333333,0.4
-1.
1.,2.,1.

2.,-0.0224,0.0316
-0.5,0.5
-1.
0,0,1.,1.1666666666667,0.28571428571429,-0.0035714285714286,0.0005952380952381
1.,1.5,0.53571428571429
2.,2.,1.
1.,2.,1.

3.,-0.0794,0.1
1.5,-1.5
1.5,1.5
0,0,0,1.,1.3834196891192,0.48255613126079,0.022366148531952,-0.0010270170244264
1.,1.8834196891192,1.0742659758204,0.17530224525043
0,6.,8.8009313154831,3.7459254947614,0.21162481290537,-0.020676035256943,0.0020784827318588
1.,2.4668218859139,1.9244761350407,0.45678807029214

4.,-0.15,0.178
-1.875,1.5,0.375
-1.5,-3.
0,0,0,0,1.,1.9565979090138,1.267864573968,0.30992013543582,0.023174683703788
1.,2.3565979090138,1.9105037375735,0.60999940061822,0.060982814868093
0,0,12.,25.856179775281,19.732584269663,6.0797752808989,0.62005350454789
1.,2.8213483146067,2.7752808988764,1.0908239700375,0.13723916532905

5.,-0.219,0.251
2.8125,0,-2.8125
1.875,7.5,1.875
0,0,0,0,0,1.,2.,1.3133394383394,0.31333943833944,0.019614644614645
1.,2.5,2.2061965811966,0.80929487179487,0.10954901579902,0.0032253626003626
0,0,0,20.,42.871328274455,30.882576910024,8.1715064226414,0.56499719380436
1.,2.8935664137227,2.9643036557932,1.2616282526849,0.19823929548004,0.0068953548215405

6.,-0.282,0.316
-3.125,-2.8125,5.625,0.3125
-1.875,-11.25,-5.625
0,0,0,0,0,0,1.,2.4187964980921,2.1040382083956,0.79642117021259,0.1255086337457,0.0062963159736057
1.,2.8473679266635,3.0029101769656,1.4300620315322,0.29569616640861,0.019880608705292
0,0,0,0,30.,78.027333646035,74.54248410026,31.68672408437,5.7744847541202,0.34895663426502
1.,3.2009111215345,3.8052961429294,2.047426577554,0.4801195051624,0.036942712949507

7.,-0.338,0.373
4.0104166666667,9.84375,-9.84375,-4.0104166666667
2.1875,19.6875,19.6875,2.1875
0,0,0,0,0,0,0,1.,2.5,2.2514276625317,0.87714149379762,0.13753081472819,0.0059084917311593
1.,3.,3.3903165514206,1.7806331028413,0.43046032864087,0.040143777220235,0.00082665505743365
0,0,0,0,0,42.,111.0687306549,106.71844005378,44.594530783095,7.5149065501092,0.34550740757978
1.,3.311160253688,4.1293077894533,2.3898805307595,0.63561544948173,0.065272073243703,0.0014988941223356

8.,-0.387,0.422
-4.2838541666667,-17.5,9.84375,11.666666666667,0.2734375
-2.1875,-26.25,-39.375,-8.75
0,0,0,0,0,0,0,0,1.,2.5610637208739,2.3919099978286,0.98937170028964,0.17357822943969,0.0096995892929036
1.,3.0055081653184,3.3943580713034,1.7688665051567,0.41438661668697,0.033650020420609,0.000050495737648433
0,0,0,0,0,0,56.,154.27768697566,156.50816672089,71.038574426579,13.876393477537,0.88729180719484
1.,3.3263872674226,4.1598671299717,2.3993340100535,0.62173843909719,0.055825305974345,0.000067884096308701

9.,-0.43,0.464
5.126953125,32.8125,0,-32.8125,-5.126953125
2.4609375,39.375,88.59375,39.375,2.4609375
0,0,0,0,0,0,0,0,0,1.,2.733043364401,2.7718291902232,1.2772433471491,0.25997188487676,0.018326394926351,0.00013278743887644
1.,3.233043364401,4.0247145087873,2.4094030144879,0.70373582351232,0.088893885031519,0.0033132610003509
0,0,0,0,0,0,0,72.,208.47164020037,224.93003875114,110.54311991155,24.017935388763,1.8035342017279,0.013500562516323
1.,3.5204394472274,4.7687474149497,3.1016552179887,0.98236904351452,0.13439444126767,0.005443115713299

10.,-0.468,0.501
-5.373046875,-47.16796875,-24.609375,57.421875,19.482421875,0.24609375
-2.4609375,-49.21875,-147.65625,-98.4375,-12.3046875
0,0,0,0,0,0,0,0,0,0,1.,2.8752528324977,3.1372522022764,1.6195427416905,0.40170620422812,0.04303954725897,0.0014669363563495
1.,3.3297982870431,4.309887787296,2.7231444177806,0.86124668679305,0.12371395040216,0.0058577600405354
0,0,0,0,0,0,0,0,90.,276.26611885817,323.47593022248,180.17720474476,48.57986931215,5.7293537920329,0.21975002984642
1.,3.6251790984241,5.1081653904854,3.5120975386257,1.2084104117485,0.18902561595337,0.0097883838077107

11.,-0.501,0.534
6.1810546875,73.3154296875,90.234375,-90.234375,-73.3154296875,-6.1810546875
2.70703125,67.67578125,270.703125,270.703125,67.67578125,2.70703125
0,0,0,0,0,0,0,0,0,0,0,1.,2.7333931468221,2.7730902668328,1.2786959487213,0.26066077963333,0.018454839938474,0.00013857880170088
1.,3.2333931468221,4.0244022248592,2.407541872889,0.70200770652817,0.088320424888959,0.0032543708103201
0,0,0,0,0,0,0,0,0,110.,323.77181590469,354.24422343341,176.22933901445,38.732075353657,2.9491593740496,0.02328200154313
1.,3.5433801445881,4.8282482997839,3.1561005323515,1.0031035616685,0.13726458794807,0.0055066226115528

12.,-0.531,0.562
-6.406640625,-96.099609375,-186.1083984375,90.234375,169.189453125,28.965234375,0.2255859375
-2.70703125,-81.2109375,-406.0546875,-541.40625,-203.02734375,-16.2421875
0,0,0,0,0,0,0,0,0,0,0,0,1.,3.0448349228732,3.5652325648319,2.0107624226303,0.5581463905672,0.068912599775289,0.0027503351125044
1.,3.5063733844117,4.8374048960989,3.3142815877642,1.1661040072182,0.19412177384366,0.011475769024855,0.000014175308484462
0,0,0,0,0,0,0,0,0,0,132.,427.16040102496,533.03535391816,321.29547888758,95.686069229407,12.763674635952,0.5589152377982
1.,3.781518189583,5.6235201785465,4.1494130043063,1.5707144983039,0.28109618522875,0.017854714867322,0.000020024640468448

13.,-0.557,0.588
7.184912109375,135.4869140625,384.90600585937,0,-384.90600585937,-135.4869140625,-7.184912109375
2.9326171875,105.57421875,659.8388671875,1173.046875,659.8388671875,105.57421875,2.9326171875
0,0,0,0,0,0,0,0,0,0,0,0,0,1.,3.,3.4398700386372,1.8797400772743,0.49529660107961,0.055426562442451,0.0017537166619788
1.,3.5,4.8232033719705,3.3080084299262,1.1727046776928,0.20104858661291,0.013546152700783,0.00019859291244789
0,0,0,0,0,0,0,0,0,0,0,156.,499.61786495051,612.01027032877,357.32351842723,100.55321903531,12.004833475776,0.40405958757359
1.,3.7860119548109,5.6380599885677,4.1722054927337,1.5928600032099,0.2935580177983,0.021248055653563,0.0003365447018836

14.,-0.518,0.611
-7.394384765625,-168.3322265625,-631.24584960937,-256.60400390625,641.51000976562,381.8267578125,40.030224609375,0.20947265625
-2.9326171875,-123.169921875,-923.7744140625,-2052.83203125,-1539.6240234375,-369.509765625,-20.5283203125
0,0,0,0,0,0,0,0,0,0,0,0,0,0,1.,3.034629705342,3.5369070660493,1.9813638048949,0.54414752125926,0.065935628026009,0.0025331166641352
1.,3.5012963720087,4.8208453729867,3.2938732095366,1.154415151606,0.19109330453762,0.011210062927602,0.000016581712694799
0,0,0,0,0,0,0,0,0,0,0,0,182.,593.4520238077,743.7913255258,448.4350991714,132.7488657447,17.404307385932,0.73106807871057
1.,3.7991869439983,5.6709431100969,4.1948122014563,1.5890796519162,0.28387953303457,0.017944734057527,0.000025465677304369

15.,-0.541,0.631
8.1469900948661,223.24548339844,1085.4349365234,962.26501464844,-962.26501464844,-1085.4349365234,-223.24548339844,-8.1469900948661
3.14208984375,153.96240234375,1385.6616210938,3849.0600585937,3849.0600585937,1385.6616210938,153.96240234375,3.14208984375
0,0,0,0,0,0,0,0,0,0,0,0,0,0,0,1.,3.,3.4400585392107,1.8801170784215,0.49556813038953,0.055509591178792,0.0017626354878635
1.,3.5,4.8224114803872,3.306028700968,1.1709157214433,0.20034488119687,0.013433848489043,0.00019373407731112
0,0,0,0,0,0,0,0,0,0,0,0,0,210.,681.6635152695,844.90272570991,498.45355598581,141.58804772541,17.057362707399,0.58074667960623
1.,3.8174453108071,5.7285531571751,4.2685019226957,1.6392252031112,0.30337174133444,0.021966095923949,0.0003432421486395

16.,-0.562,0.649
-8.3433707101004,-267.7060546875,-1601.208984375,-2155.4736328125,962.26501464844,2278.6435546875,739.01953125,52.607561383929,0.19638061523438
-3.14208984375,-175.95703125,-1847.548828125,-6158.49609375,-7698.1201171875,-3695.09765625,-615.849609375,-25.13671875
0,0,0,0,0,0,0,0,0,0,0,0,0,0,0,0,1.,3.0267474784445,3.5150700003594,1.9587569664169,0.53342251019288,0.063667813336172,0.0023691677567435
1.,3.4973357137386,4.8079338656481,3.2779819701702,1.1453369246616,0.18875391331486,0.011008376720253,0.000018907401960289
0,0,0,0,0,0,0,0,0,0,0,0,0,0,240.,792.01643279814,1001.4014310909,606.72552157455,179.50984240347,23.297394195417,0.94806295689106
1.,3.8334018033256,5.7669869246522,4.2934244372316,1.6340898906471,0.29261955200841,0.018495995257021,0.00003187163381539

17.,-0.582,0.666
9.0734857831682,340.33321707589,2486.4927978516,4711.2495117188,0,-4711.2495117188,-2486.4927978516,-340.33321707589,-9.0734857831682
3.3384704589844,213.662109375,2617.3608398437,10469.443359375,16358.505249023,10469.443359375,2617.3608398437,213.662109375,3.3384704589844
0,0,0,0,0,0,0,0,0,0,0,0,0,0,0,0,0,1.,3.2157192672142,4.0246058913212,2.4656382544766,0.7600290519396,0.10732582666566,0.0050545105774104
1.,3.7157192672142,5.5140444722967,4.1563428658619,1.6699262094031,0.34103513472824,0.02989625911893,0.00066188011699055,-3.8321173171098e-6
0,0,0,0,0,0,0,0,0,0,0,0,0,0,0,272.,937.11399143158,1255.5205301028,822.55656066273,270.82539830172,40.79710536667,2.0467627828159
1.,4.007772027322,6.4070207730997,5.1943068511192,2.2405392284895,0.49034590748123,0.046007827720805,0.0010935402932571,-6.6496478399894e-6

18.,-0.599,0.681
-9.2589563642229,-397.89798627581,-3437.2891845703,-8375.5546875,-2944.5309448242,7655.780456543,6150.7979736328,1291.1296037946,66.638254983085,0.18547058105469
-3.3384704589844,-240.36987304687,-3365.1782226562,-15704.165039063,-29445.309448242,-23556.247558594,-7852.0825195312,-961.4794921875,-30.046234130859
0,0,0,0,0,0,0,0,0,0,0,0,0,0,0,0,0,0,1.,3.5306836929127,4.9787705805848,3.5748288749893,1.3787221678681,0.27591307847442,0.025151905086668,0.00074062043812306
1.,4.004367903439,6.5203132716875,5.5340270154316,2.6041300484626,0.66504710948496,0.082751975852322,0.0037091269405145,4.1162181059434e-6
0,0,0,0,0,0,0,0,0,0,0,0,0,0,0,0,306.,1140.6790109412,1698.7240636962,1288.4739697103,525.2265240594,111.23014189022,10.762624082882,0.33914776274957
1.,4.2571209507881,7.3639792736075,6.6336116941671,3.3097896353312,0.89535506565443,0.11791802055689,0.005590233444132,6.0115785877696e-6

19.,-0.616,0.695
9.9691173311264,490.34381021772,4991.1087210519,15333.372253418,11189.217590332,-11189.217590332,-15333.372253418,-4991.1087210519,-490.34381021772,-9.9691173311264
3.5239410400391,285.43922424316,4567.0275878906,24864.927978516,55946.08795166,55946.08795166,24864.927978516,4567.0275878906,285.43922424316,3.5239410400391
0,0,0,0,0,0,0,0,0,0,0,0,0,0,0,0,0,0,0,1.,3.5,4.8775459718386,3.4438649295966,1.294825988365,0.24837405295099,0.020877112471247,0.00050504506367791
1.,4.,6.508498352791,5.525495058373,2.6074910509159,0.67249033787685,0.086419935430204,0.0044239428872841,0.000049085206240032
0,0,0,0,0,0,0,0,0,0,0,0,0,0,0,0,0,342.,1268.294295087,1871.7680196343,1398.6279551451,556.06487759462,112.68765968972,9.9953901402249,0.25464964602582
1.,4.2640184066872,7.3886886459206,6.6719472071155,3.3442426142721,0.91480097920062,0.1245219370701,0.006747813323692,0.000079518432011526

20.,-0.631,0.708
-10.145314383128,-562.44616099766,-6595.6849316188,-24442.055053711,-26418.985977173,11189.217590332,30563.140640259,14099.791521345,2094.9200207847,82.071468111068,0.17619705200195
-3.5239410400391,-317.15469360352,-5708.7844848633,-35521.325683594,-93243.479919434,-111892.17590332,-62162.319946289,-15223.425292969,-1427.1961212158,-35.239410400391
0,0,0,0,0,0,0,0,0,0,0,0,0,0,0,0,0,0,0,0,1.,3.5251396690978,4.9605987099841,3.5514756331536,1.3638765739909,0.27108740107008,0.024413032466054,0.00070074454442973
1.,4.0013301452883,6.5088511601214,5.5169131419853,2.5913408457078,0.66008942597404,0.081834003934574,0.0036501401808332,4.5632350175799e-6
0,0,0,0,0,0,0,0,0,0,0,0,0,0,0,0,0,0,380.,1424.9935396178,2131.8507602905,1621.6929490686,661.47149290292,139.6665019865,13.381952622433,0.41096212893076
1.,4.276298788468,7.426606626274,6.7123965487154,3.3575778944078,0.90958736078044,0.11977948728242,0.0056681330420259,7.0484394263371e-6

21.,-0.645,0.72
10.837587006887,676.74351056417,9125.1352000237,40468.938903809,59831.232948303,0,-59831.232948303,-40468.938903809,-9125.1352000237,-676.74351056417,-10.837587006887
3.700138092041,370.0138092041,7492.7796363831,53281.988525391,163176.08985901,234973.56939697,163176.08985901,53281.988525391,7492.7796363831,370.0138092041,3.700138092041
0,0,0,0,0,0,0,0,0,0,0,0,0,0,0,0,0,0,0,0,0,1.,3.5,4.877620852413,3.4440521310325,1.2950082042224,0.24846017530121,0.020896613402104,0.00050668185193194
1.,4.,6.5080556350217,5.524166905065,2.6059624003339,0.67164662555942,0.0861932030478,0.004397707778928,0.000048223327017921
0,0,0,0,0,0,0,0,0,0,0,0,0,0,0,0,0,0,0,420.,1571.6018012631,2338.2364313731,1760.0102394784,704.41667268967,143.63481807921,12.817978876798,0.32906711217672
1.,4.2919090506264,7.4825414811137,6.7949769741632,3.4234287574474,0.94064349656167,0.12846989936403,0.0069674870175204,0.000081373008986209

22.,-0.658,0.731
-11.00577510198,-764.76862112681,-11661.712009907,-60223.711881638,-112336.19247437,-35898.739768982,95729.972717285,92973.898429871,28879.908177853,3213.3203204473,98.862697569529,0.16818809509277
-3.700138092041,-407.01519012451,-9157.8417778015,-73262.734222412,-256419.56977844,-430784.87722778,-358987.39768982,-146525.46844482,-27473.525333405,-2035.0759506226,-40.701519012451
0,0,0,0,0,0,0,0,0,0,0,0,0,0,0,0,0,0,0,0,0,0,1.,3.5205293526005,4.9455011102732,3.5320978036904,1.3515804842329,0.26710119359406,0.023805221453277,0.00066816326407054
1.,3.9987902221657,6.4992703469612,5.5026175638515,2.5806701431507,0.65596147985212,0.081072889433702,0.0036018948868731,4.9980796385363e-6
0,0,0,0,0,0,0,0,0,0,0,0,0,0,0,0,0,0,0,0,462.,1747.6654079823,2633.3075427931,2013.9436889295,824.05725763474,173.96415989744,16.562835537541,0.49811550114185
1.,4.3066350822128,7.5270849192393,6.8413366592761,3.4381213820185,0.93471971417383,0.12334485091487,0.005840413754959,8.2586867428032e-6

